0.0 0.0 0.0 0.26072074836 0.733194121447 0.00690921616642 0.0 0.0 0.0 0.00247881374962 
18.1071561237 0.0 0.0 0.0 0.0151724239537 0.0 0.154252257551 12.0938275516 0.0 0.580282938901 
0.0 0.0537797398282 0.0 70.8397260022 0.0 114.69371386 0.00513902028406 0.0 0.0 0.0 
0.00848832164865 0.0 0.0 0.0 0.0 0.0 0.0 0.0 0.0 0.0154381518305 
0.0 0.00426800628844 0.0 0.0 0.0 0.0 0.0922524759726 0.0 0.0 1.1746793969 
0.0 47.4560198287 1.53473669739 0.0 1781.39113548 0.0 0.579578313414 250.092427505 0.0 0.0153831599464 
0.0 74.8216023614 0.0256843743841 0.0 0.0 0.0 0.0 0.0 1.8139316013 0.0 
0.00597888387823 1017.85541162 0.0101718686073 0.00697883786042 0.00938566664421 0.0 0.00766781905921 0.0 12.6221679657 0.00959264245735 
0.0145477870391 0.345571111495 0.0 0.0 0.0 0.017884458676 0.00309844233559 0.0140695719969 0.0 0.00270020844339 
0.0 0.0 0.0 0.00370162038569 0.00883025207247 0.0 0.0227499169872 0.0 0.0 0.0 
