0.0 0.00375174807429 0.0 0.0105681098922 0.0 1412.3079984 0.0 0.0 0.0 0.00491016865617 
0.0 0.0 0.0148858390901 0.00319094672985 0.0 0.00379820892937 0.0 0.0 0.0 0.0 
0.0 0.0 0.0 0.0 0.00411670826544 0.0 1.18549959999 0.0645322084911 1519.21701401 0.00556763059187 
0.0 10.5756130348 0.0 0.0 0.0 143.541906808 0.0 0.0 0.0 0.00336325930509 
0.0 0.00447603081424 0.0137596850842 0.0 0.0 0.00540370401843 0.0161191984224 0.00326318856083 0.0 0.0 
2.61011025908 0.0207422402741 0.479221743394 0.0117831079728 0.0 0.0 0.150324088364 0.0 0.00349608620064 0.0 
0.00614769083879 0.0 0.00513918867813 99.826906619 0.0042593815203 0.0126529548957 0.0 0.0649175448616 0.00672175639284 0.443275183666 
0.195860262176 0.144559254545 0.0 0.00317977155291 0.113442280346 14.7792117464 0.0 0.0 1.72782001176 0.00235296755343 
0.0 12.5950390782 0.0 0.0 0.0 5.48887044345 0.00681319963368 0.0 0.0 0.014361450169 
0.0147982375793 0.0 13.8132855971 0.0 0.0 0.00543816765961 0.00424525074359 0.00588431218048 2.26910171364 0.0 
