0.0 0.466797940486 0.0 6.72449581511 0.0638905318162 0.00546116581963 0.0134595685607 0.0 0.0 0.0 
0.0 0.0 0.0 0.0 0.00488596114497 0.00505974278419 0.0 0.0 0.0 136.884051195 
0.00493590325539 0.0 0.0 0.0426526418523 0.0023472194375 0.0 0.00803174746068 0.00614310062732 0.0 0.00716687902872 
0.00699730269818 0.0 0.0 0.0 0.00412553749977 3.2067338609 0.0 1.60598998268 0.0 0.0 
0.0 0.0 0.00606628382885 0.00826271435276 0.0 0.016754831059 0.0 0.00479753934443 0.00902091871198 0.0 
0.0 0.0206040630013 0.0 0.0 0.0 0.0 0.0183664592813 0.00619630694737 0.0 0.0 
0.0 0.271633822605 0.0 0.0 0.0 0.0 0.0 0.0137301696905 0.0586720766207 0.0 
0.00373761592286 0.0 0.502764818267 0.00318691551067 0.0 0.0 0.014781652011 0.0 0.00701563265769 27.7556677598 
0.0348364870484 0.0 0.0 0.0 0.0 0.491627337383 0.0 0.0 0.0 0.0 
0.00948331247033 0.0 0.00868797806922 0.0 0.0171401067511 0.0 0.00864052512101 0.0 66.7329243558 0.0 
