0.0 0.0 0.00272576265429 0.0 0.0 0.0 0.0178565726066 0.0 0.0 62.8615635741 
0.0 0.0 0.0 0.0169909211027 0.0 0.0 0.067022095141 0.0170090773797 0.0 0.00281034517454 
1.18965880764 0.0 0.0 3.28793461615 0.0069639749281 0.00481731438405 0.00413155369153 0.0 16.7122866079 0.0 
0.00242861967531 0.00272268877577 0.0 0.0 0.0 0.0121711313967 0.0 0.0 0.00741181022225 0.0 
0.0 0.136471496025 0.00424129241548 0.0 0.0 0.0 0.011231433477 0.0 0.0 90.5365158265 
0.0031755662262 0.0056924666688 0.0708480243942 0.0202099605815 0.0 0.0 0.00423219862824 0.0 0.00394236141603 0.00981717184035 
0.0 0.0 0.0155051692868 0.0 0.0130782015873 0.59813015825 0.0 0.00226223599282 0.173608059205 0.0 
0.0353762465291 0.0426700108018 0.0 0.0 0.119606261048 0.0123116047459 0.00806867789102 0.0 0.019563529153 0.0107415759968 
0.00274931533208 0.0 0.0 5.77032197949 0.0 0.446265467024 1.55317825165 0.00419136144731 0.0 15.2083917536 
0.192765703306 0.00305782386208 191.725487813 10.8193726124 0.0 0.00426070802778 0.00552041395398 0.00314432924992 0.0 0.0 
