0.0 0.0 0.00823006502293 76.6067123664 0.0 0.0117287383952 1.02779021525 0.0134646484031 1225.12685878 0.0 
0.0 0.0 315.555722697 0.0 0.00892154279446 0.00283992645815 0.00404705845611 0.0 0.0 0.0 
0.850258584238 0.0 0.0 0.0 0.0 0.00617104775639 0.00782929822092 0.0219372344756 0.0134898121871 0.0164563792367 
0.0 0.0 326.424360669 0.0 0.0 0.0888177603111 0.00317558592264 0.0 22.8224833033 0.0 
0.0065015614943 0.015765559188 0.113034497129 0.0 0.0 0.00525111659275 0.0 0.00754626506054 0.0 0.0 
0.0 0.0 0.0 0.013040048973 0.00383934670813 0.0 0.0 0.0 0.00564539909324 0.00469548949365 
0.00861116724851 46.5096686236 525.682609167 0.0 0.0 0.00382775187601 0.0 0.0 0.0 0.0 
0.0 0.0 0.0 0.0100717924957 0.0146822245184 0.0 0.0 0.0 0.0 0.0123368752857 
0.0 0.0103115492114 97.6987482152 0.0 0.0 0.00434111921723 0.252244740129 0.0 0.0 0.0 
0.0 0.0 0.0 0.0249971553859 0.0 0.00731479701579 0.0 0.0 0.0 0.0 
