0.0 11.6938387409 0.0 0.0184570649326 0.0 0.0 0.0 172.994701759 0.00664973363799 0.0 
0.0 0.0 0.0 0.0 452.243886314 0.0 0.0082856777849 2.10426791152 0.0 0.0 
0.0 0.0 0.0 0.0 0.00866712006042 0.0 0.00953707480991 0.0 0.00723407555493 0.0 
0.0193438256694 0.0 0.13406828789 0.0 311.15057102 0.00410947811636 0.0 0.0 502.191217409 0.00696210932295 
0.0153818874405 0.0 66.0314385281 9.65122913087 0.0 0.00519178395637 0.00437636393927 0.0 0.0 0.0 
0.0116069910507 0.314975544436 0.0167189874351 3.06877101526 0.0 0.0 0.0 0.0 0.0 0.00425671483948 
35.4743547328 6.0796566293 0.0 0.00761754364917 0.00801827725038 0.00724317499481 0.0 0.0 0.0 2.93252330072 
7.97803650324 0.0112437501579 0.00310742683653 0.0 0.0 0.0 0.0 0.0 0.0 0.00784071334287 
0.00856380572393 0.0 7.18539815351 0.0 157.171869799 0.0041632965374 0.00661892515132 0.0 0.0 0.00932978296875 
1.67270612388 0.0 0.0 0.0191338080945 0.0 0.0 0.0 0.0 0.0 0.0 
