0.0 0.0135861325471 0.0 0.0170225463132 69.1937322777 0.0 0.0 0.0115325323191 3.71534420768 25.702044918 
0.0 0.0 0.0 0.00626745721986 0.0493190746166 0.76246524029 0.0 0.0 0.0032112371533 0.0 
0.0 0.00270795855705 0.0 0.0 0.00361392813508 0.0 0.00244946996697 19.4977009288 0.0 0.0 
0.0 0.00609170944163 0.41360898066 0.0 0.313356351962 538.305013673 0.0 0.0 0.00648139340395 0.0129532618903 
1.32062953967 0.00802350426847 0.0 0.0 0.0 0.00328294253351 0.014377945196 0.351374847521 29.378282097 27.7910729564 
0.00705737312596 0.00690043359556 0.0 0.0102827554531 0.0 0.0 5.02062856923 0.0 0.00269246480265 0.0 
0.0026055258481 0.00786684297476 0.0 0.0 0.00334286077818 0.00871148721246 0.0 0.00458720442294 0.0118521093657 0.0 
0.0 0.0 0.392682847137 0.00631527003622 0.0 0.0 0.0 0.0 0.0 0.0 
0.00832841627938 0.0 2.27679498839 0.00236493178274 0.0208263486351 0.0072751788399 10.0752532044 0.0 0.0 0.0 
0.553473371525 0.00654662891225 0.0 0.0970241732487 0.0 0.0 0.00408904620694 0.0234332758093 0.0 0.0 
