0.0 0.612100013669 0.00819466035763 0.0 0.00272156217329 0.186843236045 0.0 229.550912689 0.0 0.0199465241523 
0.0 0.0 0.00277486108299 0.0 0.0 0.0166617557145 0.00780556793545 0.0101910545918 0.0148143760517 0.014884739083 
0.149893734082 0.0 0.0 0.0 7.50503467367 0.0 0.00270224394464 0.0125931262947 0.0 0.017740055407 
0.0 0.0 0.0 0.0 0.00719012039313 0.0330684836064 0.0147629323759 0.0 0.0 0.0 
0.0112993789277 0.0 17.2752520561 0.0 0.0 46.1590079407 2.5049023107 0.0 0.0 0.0 
0.0 0.0107753037611 0.0 0.0041502594121 0.00898361068498 0.0 0.0 0.01394608479 0.0 0.00411946691587 
0.0 0.00233010855655 148.403662426 0.00637266586465 0.0 0.00376796768635 0.0 0.0 0.00298460035251 0.00405297573376 
0.0 0.0108532039174 0.0 0.0 0.0119963730581 0.0 0.00669098339216 0.0 0.0159213294607 0.0 
0.0029319138179 0.0 0.0 0.0 0.0 0.0151301916551 0.0 0.00651575638171 0.0 0.00740143591649 
0.0112463235141 0.0 0.00512777245057 244.663663481 0.0 0.0 0.00386042058412 0.0 0.573194030372 0.0 
