0.0 0.00261865070424 0.0 0.0 0.00644738066004 0.0 9.42845746769 241.342996671 0.0123378752968 0.0 
0.0024446555095 0.0 0.00410371052875 0.0 0.0 0.00270440657729 0.0 0.0 0.0243862315089 0.0 
0.00258905530174 22.1382685151 0.0 0.00510912763546 0.0 777.507750866 0.0 0.0 0.00891663869977 0.0 
0.0 0.214912167823 0.00810983470231 0.0 0.0 0.0 0.0 0.0 0.0 0.00434482574618 
0.0 0.0 0.0 48.8949271585 0.0 0.0 0.0149788555188 0.0 0.00382282008659 0.0 
0.0 0.0148231429741 0.0 0.0 0.0 0.0 0.0 0.369653443228 0.00641066105914 198.051084198 
0.00941759254247 0.0 0.00733915807852 0.0176745589143 0.0118505662067 0.0 0.0 0.0 0.0 0.020744265692 
0.0 0.00272947279841 0.0 148.929758409 0.0268747492574 40.6603502265 0.165032233609 0.0 0.0 0.0 
0.0 0.0 0.0 0.00851628183363 18.779224492 0.00425378176743 0.0582875790898 0.0 0.0 0.0 
1757.74441974 0.0 0.0 0.0 0.0 5.00021596972 1042.53828021 0.00675816380178 0.0 0.0 
