0.0 0.0 0.294062554744 0.00437452644152 0.0 0.00383464372027 385.834869846 0.00412493347553 0.0 0.0 
0.0967633510177 0.0 0.0 0.0 0.158048431362 0.413286209704 155.126646828 0.0 0.0308042592334 0.00231236487064 
0.018332619929 0.0035135843707 0.0 5.82038030549 0.0 0.0 0.0 0.121169426858 558.011744621 0.0 
0.00513921252544 0.0 1.2326004894 0.0 0.00552702596735 0.0 0.0 0.0 0.0 0.0 
0.0 0.0 0.0 3.72066224252 0.0 0.0 0.0 0.0205979582223 0.00232026323735 1.18423419051 
0.0 0.599901359222 0.0 0.0 0.0 0.0 0.0 0.0 0.00746093757672 0.00395620337574 
110.701022054 0.00490125390161 0.00557761823181 0.00875612051317 0.0 0.0 0.0 0.00902489691877 17.3094242395 2.70804243657 
804.06131401 0.0 0.0 52.9710569552 0.0 0.00225706506599 0.0 0.0 0.00632645327337 0.0 
0.0 0.0 411.219602114 0.0 0.0 6.79844990067 0.0 0.00304266116514 0.0 0.00487699681843 
0.0457116925482 0.0 0.00979662043042 1907.11133262 0.0 0.0 0.0 0.0 32.4741030764 0.0 
