0.0 0.0 69.226832741 35.141450085 0.0 0.0 0.00301653406135 1153.97288361 0.0 0.00946724355337 
407.707979678 0.0 0.0133000210838 1.70475823932 352.262056306 56.875346483 0.0 0.0 0.0 0.0 
0.0 0.0 0.0 0.00654170933811 0.0 0.0 11.9206384076 0.00567058654759 0.015455872452 0.0 
0.0 0.0 0.00481039288414 0.0 0.00267470326529 0.0150089566183 0.0 0.0031899559696 1808.7866827 0.00298346964982 
0.0 199.789216076 0.0 0.261580729563 0.0 0.0 0.0104654861388 0.0 0.0 0.0051287450398 
0.0 0.0 0.0 0.0 0.0 0.0 0.0371822600033 0.0 0.00740142730288 0.0229425863405 
0.107562002715 0.0 0.0 0.118233662855 0.0175366843561 0.0203972480678 0.0 0.0 0.0 0.0397979876323 
0.0 0.0 0.0 2.60035822054 0.0 0.0 0.0 0.0 0.0 0.00411929544256 
36.4767622786 0.0159882069834 0.00602710883885 0.713438009002 0.00518932178588 0.0 37.5860307895 0.0110598859561 0.0 0.0 
0.0049972558174 0.0 0.00247036768703 0.00257734308184 319.714912255 0.0 0.0 0.0 0.0125814526031 0.0 
