0.0 0.0 0.0 31.1799935735 0.0 0.00684802802048 821.050999418 0.419425054857 0.0 0.0 
0.0 0.0 0.0 1495.03942033 0.0 0.00475125794308 3.57455924816 0.0 0.0205344592441 0.0163261771115 
1.60446479097 0.0 0.0 34.5095685776 0.0 0.0133462974013 0.0239663823661 0.00255306765983 0.0 0.00445697373567 
0.0109874246358 0.0 0.185989282991 0.0 0.0 0.0 129.7580628 0.0 0.00249775078013 0.00298717305955 
0.00244123146371 0.0 0.0 0.00365452169866 0.0 5.56320441929 0.0178046796321 0.0 74.6757459421 163.744036564 
0.0 0.478818914263 0.0 0.00456107545069 0.0180402093731 0.0 0.0 0.0 0.0 0.0 
0.478269024536 0.0 0.0 0.0 315.686951865 141.894895168 0.0 0.00577228639747 0.0 0.0 
0.138392778855 0.0 0.0 0.0191464754383 0.00394011447049 0.00742807716268 0.0 0.0 0.0 0.143103625492 
0.0 0.769960330481 0.00516125207728 815.939671684 0.00253256054713 0.00257941892947 405.505028818 42.6802927307 0.0 143.593528945 
0.0 0.00320799088632 0.0111373955762 0.0 0.0 0.00358383299703 0.00721614297954 0.00313916156609 382.813385995 0.0 
