0.0 0.00424656782159 0.0144465766129 0.00784567451418 0.0 0.0 0.0081614003442 0.0 0.0 0.00235392655053 
0.858467840487 0.0 16.9927625493 0.0 0.0 0.00438438431624 0.00351382476534 0.0 0.0 0.00490967290088 
0.0 0.0 0.0 0.0 0.0 0.133634545439 587.905902979 0.00295669811867 362.243474083 0.0059942318056 
0.0109844431318 0.0 0.00806003035256 0.0 0.0 443.721170119 0.0 0.0 0.0 0.0 
0.0 0.00787079681874 1537.23919396 41.0128728632 0.0 0.0 0.0149856272519 0.0 0.0 0.0103964230803 
0.0 0.0 0.0063063433616 0.0 0.0 0.0 0.0 0.0 0.0 0.0103016960737 
228.703165044 0.0 0.0 0.0 0.0 0.0 0.0 0.0 0.0 0.00486604220833 
0.0 0.0 0.0 0.0 0.0112940577627 3.03006255506 0.0 0.0 0.0 22.6237688406 
0.0459042598623 76.9029642783 51.5706831428 0.0202471868446 0.0100488916856 322.907289953 0.0 0.0 0.0 86.9158834153 
0.0149556836536 0.0 0.00564192233653 0.0 0.00658307974602 0.0 0.0 0.0 0.0 0.0 
