0.0 0.0155417296554 0.0 0.0 0.0150525276637 0.376376226798 86.9588335148 0.0 0.128717734844 0.0 
0.0157233708746 0.0 0.0086645788876 0.664586999322 320.81612765 1.31433557965 0.0 0.103476750133 0.102119037159 156.54399379 
8.23768027361 0.0 0.0 1.06767669063 0.00486727945944 0.0123376346651 142.726870391 0.620823483948 643.829411026 0.0 
0.0 75.3436017421 599.315494795 0.0 33.0865307044 0.00711232278553 0.0 0.0567718842678 0.00913768464563 0.00315125026369 
6.78434131773 0.0 0.0 875.20853577 0.0 0.0 0.004743961759 0.0 0.0 0.0 
0.0 0.368374995021 0.0 0.0 0.0 0.0 13.0035335522 0.00774417733081 20.4206332235 0.0 
0.00830444469286 10.8191781233 0.0154550510102 0.00464683831385 0.0 0.0 0.0 23.2935590048 0.005491004181 0.00411121091366 
0.0 24.092485186 0.0 0.0 0.0137325853238 0.0 0.0 0.0 0.0 0.0149590318301 
158.724919242 0.0 0.473117323551 26.3713440485 0.0 268.125263 0.00344774501556 0.0 0.0 0.0 
0.0 0.0 0.00656641429956 0.0 0.0075297376598 0.0 3.9623010921 0.0141112597592 0.0 0.0 
