0.0 0.0 0.00315918461771 0.0 0.242046458252 0.013172981133 0.0 0.0 0.0 0.0 
3.58375507627 0.0 0.0 0.0 0.00564439984429 0.00366877735414 0.0 0.0 0.00326624742482 35.2640430415 
0.0 0.0 0.0 0.0 171.576092047 0.00881257250083 0.0155037383506 0.0 52.1280509938 0.0 
0.0 0.0 1.2318649014 0.0 113.884554117 0.119826597592 43.8318469667 1717.98487509 0.0 0.0 
0.0 0.0 0.0 0.0 0.0 0.0 0.0 0.0 0.0 0.0 
0.0 0.0 0.0 0.0 0.0121618106714 0.0 0.0 0.0 15.7016513746 0.0 
1.38616203218 0.0113677011843 0.0 0.008477422465 342.341891986 0.0 0.0 0.0 0.0153236199214 40.9483427023 
0.00694305428634 0.00323947545176 0.0 0.0 0.00934142645298 0.0157123243703 0.0 0.0 0.0 0.0318295559773 
0.0 1.62641099176 0.0 7.5586050748 0.00633553543403 0.0737174917221 0.0104800332109 0.00275205814723 0.0 0.0 
0.0 0.0 0.0 2.19886280473 0.0 0.0 0.0 0.0078442256166 0.0 0.0 
