0.0 0.00308365739925 0.00294190227746 0.0 0.00930515942321 1131.85062479 0.0 0.0 0.0 0.0 
0.0 0.0 0.0 0.00297475128066 0.00756219570622 0.0505064054013 0.0 0.0 0.0 0.0 
0.0040974531656 0.201092602291 0.0 0.00798659989005 0.0 0.0190023189785 0.0 0.0 619.033413604 0.00378560865399 
1265.5016521 0.0175423147169 0.557792823472 0.0 1458.8517253 0.0 0.0 0.0137803783538 0.00314738795213 0.0 
0.0 0.0 0.0 0.039248437144 0.0 0.0 2.46157920649 0.0 1.88880870096 288.684766595 
0.00305566342855 0.0 0.00408978624097 0.395334022335 0.00481492727999 0.0 0.0 0.0 0.096341022175 0.0 
105.049199526 0.0 0.0 3.26954407977 0.0 0.0 0.0 0.0 0.0184444188527 0.0 
0.0 0.00545458826116 0.0126609987125 0.00435897726157 0.0 0.0 0.0 0.0 0.0 0.0143059359658 
0.965276942931 0.00698082534305 0.0188119515122 0.0 0.0 0.0224215855502 10.9092491197 0.00341698964865 0.0 0.0 
0.0 0.0 13.5718759854 0.208901381614 0.0 0.0 0.015974957934 0.0 0.0 0.0 
