0.0 0.0 0.0 0.0 0.0 0.00525869782869 35.0129745987 0.0 0.0 0.00637106823976 
3.48027208106 0.0 0.0 0.0 17.7511534616 0.574275240155 25.2600214792 0.0 0.0 0.0 
0.00349663948892 0.0 0.0 0.0 0.0 0.00305312968433 0.013559144862 0.0589443322548 0.0064991784948 0.0172230679038 
0.0 0.0 0.073945242947 0.0 0.0 0.0023882629168 1.3022888235 196.743698349 126.261138838 0.0 
0.00303044191244 3.12016591791 7.20465552458 0.0 0.0 0.00237554519289 1540.50224608 0.0460580173432 0.0 0.0 
0.0 734.50585061 0.00451878872412 654.120077864 0.00458127323717 0.0 70.1438478972 0.0 0.00865605973046 0.0 
0.0 0.0 0.0 0.0 0.0 0.00666717458999 0.0 0.0 0.0202315581957 0.0 
0.0 0.0 0.0 0.0126542503625 227.30084652 0.0104605942362 9.41843914442 0.0 0.0 0.00409816140892 
0.0 0.0191810680717 0.0 0.00333374352246 0.00527938542675 70.65781158 0.0 0.00862358845349 0.0 0.0095591040742 
0.00818465279034 0.0 0.0563666792679 0.0 0.0023157097109 412.466153997 0.0 0.0 0.0125941513644 0.0 
