0.0 0.0 0.0 0.0200692545965 0.0 0.0 3.55928388175 0.0 16.0653882152 1.04494492262 
0.0 0.0 0.014435101576 0.0 4.2061775649 8.72164554975 0.0 0.0 0.00914176685287 0.0310821300148 
1346.05860407 0.0 0.0 0.0 0.0145270400839 0.0 126.479438569 0.0 0.0 0.0 
0.00546701453799 0.0443777284884 0.0166455691866 0.0 0.00965571700499 0.0 0.0 0.00374323635842 0.0 0.0 
0.0 0.0 0.0 452.99514866 0.0 0.00456536586725 0.0 0.0 0.0 0.039655177909 
6.6262177651 1671.33627071 0.0 0.0 0.00422912074569 0.0 858.979290419 261.642044218 0.0 0.736393813776 
0.0 0.0202347445508 0.00296788097833 0.0 0.0139282537124 0.00226351848508 0.0 761.493946717 0.0117917972266 0.0 
0.0 0.0 0.00336032905186 0.0 0.0 0.0157806580906 0.636962819841 0.0 0.0 0.0 
0.0 0.0 0.0 4.85132895153 0.0 41.2133526091 0.00493414333865 0.0 0.0 815.837699595 
0.00320125522355 0.0 0.352565594856 0.0 0.0 230.558232831 0.0 488.482457834 0.00505658982788 0.0 
