0.0 0.0 0.0 0.0 0.0845273502652 0.0 0.0 0.00623677605407 61.6564348355 0.00436469075306 
0.0 0.0 0.117393006245 0.00741010584122 0.0184558539057 0.0 0.0 0.0 0.0 0.0 
0.0 0.0 0.0 0.0 0.0 0.0 0.0 0.0 135.579924934 0.0 
2.65662001378 0.0 0.0 0.0 0.0 0.0 0.0 0.00900381630908 26.2950479343 0.0 
0.0 0.0 0.0034763572491 0.0149069129833 0.0 0.0 0.0 0.0 0.0 0.00652405788148 
0.0 0.0 0.0115672777713 0.0194154966164 0.0111129316586 0.0 95.2061210112 0.00686419680969 0.0 0.0 
0.0 0.0 0.0 0.00262866733815 0.264892623362 0.0299547950203 0.0 0.0 0.0 0.0 
10.5678132049 0.0 0.0196832737273 0.0 0.0 1779.46381068 0.00466923217841 0.0 8.2682981974 0.0 
0.0 23.0141222895 0.0 0.0 0.0 0.00438202252636 0.0 0.0 0.0 0.0114883332661 
0.0 1.08937429363 32.4752927409 0.0 0.0 0.0 0.0193149199817 0.0120305767951 253.852760811 0.0 
