0.0 0.0 0.0 18.7687964946 0.0 0.00423896092387 0.0275365676357 0.0 0.0 1281.96820077 
0.0 0.0 0.0 0.0 0.0 0.00557044192376 0.100718558284 0.00515330301316 0.0 0.00983528388236 
0.238394541196 0.00369504051553 0.0 0.0 0.0 0.0 0.0 0.00432997696712 0.0 0.00233199003971 
0.00684621774304 0.909806337931 0.0 0.0 0.0 0.0 0.724953420794 0.00376446563947 0.0 8.5883050677 
0.0 422.531538869 0.00643162241442 1602.64044834 0.0 0.0140925718327 58.2776246111 0.0 0.0 0.00890441805873 
0.0 35.9269993499 0.0149310684885 0.0 0.0 0.0 0.0 0.947136394475 0.0182596082393 0.0 
0.0 0.0222729914284 0.0 0.0169325047633 0.0 0.0 0.0 0.0178866368252 0.00427236780524 117.315027212 
0.00461659023759 0.0 0.0799237380514 0.00619877608371 0.0174005792552 0.0201981773956 0.0 0.0 0.0188465079403 0.00643257466944 
0.115634243115 0.0 420.776207692 0.00380061925971 0.0 0.00825497959112 0.0 0.0 0.0 0.0664308392933 
0.00323751867951 0.0 0.0 0.0 0.0 0.0 0.883899145773 0.00266745334346 0.0 0.0 
