0.0 1975.12179594 0.0 0.012305475867 0.0155009639856 2.24585588364 0.0 0.0 5.9589881918 0.0024332417392 
0.0 0.0 0.00890800884077 0.00260000933373 0.0 0.0047167839426 0.0 0.0 0.00527270003289 0.00566206730115 
0.0237386741532 0.0170871417648 0.0 0.0044860848952 0.0 1770.28749659 0.0 0.0130920468186 0.0 21.9148232446 
21.2783262772 0.00234942518172 0.0023020700752 0.0 0.0110649519746 0.00998179050831 0.0522697023755 0.0 0.00400069822987 0.0 
0.00661426852888 317.00067643 0.0 0.0 0.0 2.58030600237 0.0438179262647 0.00466247085632 0.0 142.342807404 
0.0 0.0 0.0 66.3406495881 0.0514122870116 0.0 0.0 0.0 0.00469945520524 56.8411325516 
0.0 0.0 0.00700479151105 0.0 0.0 0.0 0.0 0.0 0.0 0.0 
0.0 4.9724378371 46.8891849002 0.00545524535829 0.0 931.540680028 0.00409380449323 0.0 67.9284429036 0.0 
0.0 0.0 42.1980546649 4.62447778358 0.0120492401696 0.0 0.876467419035 0.00644864789382 0.0 0.0 
0.0 0.0709006861558 4.23234916026 0.0 73.4189511727 0.0 7.85444700358 0.0598158776178 0.00581971555848 0.0 
