0.0 0.0 0.0 0.0 0.0478010554703 0.00242119189514 0.0 0.0 0.0 0.0 
5.85815620204 0.0 0.0114045272693 0.0 76.595832305 0.0 0.0 58.9610391783 0.0 0.012100303757 
0.0 0.0 0.0 0.0 0.0 0.0 0.00968409932902 0.00814991893459 0.964083436442 0.0 
0.0 0.0207007081133 1.24113385794 0.0 0.0 0.0 0.0072846491955 0.0110252895214 0.0 0.0 
0.0 0.0 0.00579911957728 0.0 0.0 0.007338288786 0.0 0.0 0.0173818742525 0.0 
0.0 0.0 0.0113397095323 17.603160966 0.00677276622247 0.0 11.8690381634 0.0 0.0 0.0 
0.0 0.00545620177904 0.00565145431719 1.12468528878 0.0 0.0 0.0 0.0 266.38280745 0.0 
0.0 0.0 226.402519182 43.5837518712 0.0 0.0136786040998 0.0 0.0 39.0277723099 0.00893833523007 
0.0 0.0 0.363824641029 0.0992308252904 0.0 0.0115905005099 0.00813480181915 3.0551936474 0.0 107.56737788 
31.1022770028 0.0 4.75861618845 0.00372364306742 0.0 1.23716932107 0.0 0.00708304226149 0.0 0.0 
