0.0 0.00264183949621 0.0 0.0 0.0 0.0 0.0 0.0 0.0 901.825905171 
0.0113639604278 0.0 0.0 0.0 0.0 0.00271702895562 488.5357617 0.0 0.0047269333461 0.00320013240387 
0.00450073207464 0.00609823213303 0.0 0.00258439437759 469.859453042 0.0 0.0 0.0 0.0 0.00427374345739 
0.0 0.00738055542266 130.248533846 0.0 0.0159498061107 0.0 0.0148055680253 0.0 0.0 0.00256055173624 
0.0 0.00808228608337 0.0152823622868 0.0 0.0 0.0 0.0 0.0103579536799 0.00475705022127 0.0 
0.0 0.0 0.0 0.0 0.0 0.0 0.0 0.0 0.0200774949488 0.0 
0.0 0.402812096649 68.9659216961 0.0130759767327 7.04476801064 0.0 0.0 68.1373284116 0.0 0.0 
0.0035186151384 0.0 0.002691998923 0.0 0.0152799449719 0.00271599309341 0.142221733891 0.0 0.0 0.00317547763147 
0.0 0.0 0.0315693972211 491.120878513 0.0134759829748 0.0 33.5532624073 0.0 0.0 0.00258090454902 
0.00307081680282 0.0 0.0 0.00650099857861 0.0 0.0 0.0 0.0 14.0056723577 0.0 
