0.0 827.415609151 0.00268819060882 0.0 0.0 34.9398196213 0.0 0.0 0.0 482.579768827 
0.0 0.0 0.0 0.0 0.00612733578909 0.0 0.0 0.444013204422 0.00899108477256 0.0 
0.0 332.769477123 0.0 0.0268499451448 0.0 0.00233029169607 0.141510810827 39.1864957367 0.195509666489 0.0 
0.0168329966204 0.00314789122144 0.00772575496638 0.0 0.0169989771156 0.0 0.0 0.00770648292775 0.0 0.0 
0.0 0.0 0.0 0.0 0.0 0.0 0.0126464059276 0.0 0.0 4.26007091029 
0.00275017476768 0.0 0.867452491008 0.0 0.0 0.0 0.00618817497967 0.0170243449329 0.189963104944 0.0 
0.0 0.0 0.0 0.0 0.0 275.888615141 0.0 0.0126066273449 0.0173545226763 0.0 
0.0 0.0 0.0 0.00493348229462 0.00658597862985 0.00263194285436 0.0201085818595 0.0 0.0 0.00991206718861 
0.0 0.0 0.0 45.9848761955 0.00338481425031 0.00556957302517 21.3887215192 78.8408555699 0.0 0.0 
0.0 0.0111644967692 0.0 794.398774927 0.0 0.0 0.00274831344225 0.00325911903145 0.0162900039631 0.0 
