0.0 0.0111097157305 2.99466641554 0.00409011553673 3.18519633721 2.03141263723 0.00888493931218 0.00779078320883 0.0 0.0078290484144 
48.7482234082 0.0 0.0 1520.4747615 0.0050009347385 0.0 0.00251974666516 0.0147596851918 0.00438863226596 0.0 
0.0 0.0 0.0 0.0120165692625 0.00625057118632 0.0 0.00391184563125 0.0 0.00695449786247 0.0 
0.0 0.0 0.0 0.0 13.291210338 0.0 14.1450581654 0.0 0.00952358992156 0.0 
0.0 0.0 0.0026532074301 0.0 0.0 0.0 5.26482749883 578.911866407 0.0160858226071 390.376521292 
0.0 0.0 0.00267282739083 0.0 0.0182328180154 0.0 0.0 0.0178812233178 254.386189773 0.0 
0.00736463672505 0.012808501413 0.0 0.0 0.0 0.0 0.0 68.316146457 317.367457642 0.273982895912 
0.0 0.0 16.5936518818 0.00377783506824 98.6601734666 0.0 0.0 0.0 0.0 0.00348116520714 
0.0 0.0 0.0 0.27413314229 264.472297312 0.0 0.0 0.0 0.0 0.014351894824 
0.00833959425936 0.0 0.00536608259486 0.0 0.0 0.0 15.0365442035 0.0 0.0 0.0 
