0.0 0.0 0.0 60.1594456947 1.76952135199 0.0 0.00234578262189 0.00903319464465 0.0121761898201 0.0 
0.00253698581183 0.0 260.731391836 0.0 0.0 0.0 0.0 11.8269539775 0.008388479848 86.8663671811 
85.2014536998 0.0 0.0 0.0587907244503 0.00314701738505 0.00622541499334 0.00573761940729 0.00578805596054 0.00616694442873 6.92169566234 
0.0994094703078 174.294511751 938.7029243 0.0 0.0116851320871 0.0 0.0 0.0 40.7861933657 0.0 
0.0 0.0 0.0 0.0 0.0 0.0983180932233 0.0103605538452 0.00622920907058 0.195870743129 4.02428530827 
0.0 0.0 0.0 0.00378824667996 0.0 0.0 0.00271688441929 0.0 0.0 0.0 
0.0 0.0 0.0200310053974 2.43690472086 0.0143076524536 0.00536946629508 0.0 0.0 0.00764126627728 0.0 
0.00234597847163 0.0296274494201 0.0 0.00533735577876 0.00439406052813 34.0761670248 0.00447087321056 0.0 0.00391931276539 0.0 
0.0 0.0 0.0 0.00488376660507 0.0 172.240643511 0.0 0.00230511993816 0.0 0.040297345487 
0.0 0.0 0.0 0.0 0.0 0.21410710526 0.0 0.0 0.0143868684845 0.0 
