0.0 0.0 0.00377022382197 0.0176311526395 0.0 0.00430839847784 0.0113541764288 0.0 0.0 0.0 
2.18450987285 0.0 0.016072274508 0.0 2.41985748226 0.0069590448502 0.0 0.0 0.0 0.0 
0.0 3.994256306 0.0 0.0 0.0140859260133 0.0 0.0 0.0 0.0 2.84702180574 
0.0171712362341 0.0 0.0 0.0 0.0 0.0 0.0 8.21055317722 0.00244494967565 0.0104358028716 
0.0 0.0 0.00325903840284 0.0 0.0 0.0 0.0 0.00908542757091 0.00345071202985 0.0 
0.00669895630146 0.0 0.0 0.743151805687 0.0 0.0 0.00377142521525 0.0 0.0 0.0 
0.0 0.455856122319 0.0789642428212 0.00271102557471 0.0 0.0 0.0 0.00360102390019 17.8999940527 0.0 
0.0 0.0 0.0 0.00839789321161 17.0520842483 0.0 0.0 0.0 0.242305103127 0.0 
0.00705239343072 24.8706424191 34.9578534341 0.0 0.0 0.0 0.0 0.0 0.0 48.4233377592 
0.00500211954837 0.00515108904655 0.382295981143 0.00484850249043 0.0 0.0142927723076 0.0 0.0204387659113 0.00342275543769 0.0 
