0.0 0.0 0.0 0.0 0.564424119574 0.0 0.0 0.0 1.18738066163 0.0136315389681 
0.0 0.0 0.0122811888532 0.0 0.0108915875591 0.0100605657681 0.0 34.5883147882 0.0106723468142 0.0112075311146 
0.0 0.0 0.0 0.0 0.0 0.0 0.0 0.0 0.00552744985124 0.0109040457715 
0.0 0.0 0.0 0.0 0.00372155758981 0.0115511416038 0.0 0.0 0.0 0.0 
0.0 0.00998737006759 0.0 0.0 0.0 0.00534330270259 0.0 0.0 0.717017247084 0.00626396979507 
0.0 5.15015422034 0.0 0.00301125505125 2.25229740449 0.0 3.05927033691 14.7077018655 0.0 0.0528702985536 
0.0 0.00312355684933 0.0 0.00273047629278 0.0 0.00332228720641 0.0 453.508700515 0.0 0.0140387579564 
0.0 0.0 0.00753015393414 0.0132158556292 0.0 0.00656059058258 0.0 0.0 0.0132183566895 0.0 
0.0 0.0 0.00629040730548 7.83182576179 0.0 32.3709484985 0.0 0.0189472073132 0.0 0.0 
0.0 0.0 0.00696078934529 252.257451475 0.0 0.0178839235171 0.0 0.0 0.00843491120351 0.0 
