0.0 0.0170248449481 0.00946297148994 0.0189029089673 0.0 0.0 0.0 0.0 0.0 0.0 
0.0 0.0 0.0 0.0 0.00387310586176 0.0 0.0 0.00490644682033 0.659868641409 0.0 
0.0053099469022 0.00731324840484 0.0 2.71427191443 0.00870943616523 0.0 0.0 0.173345524016 0.0 0.0 
1.18926522784 0.0 0.0 0.0 0.0 0.0 0.011905844235 0.0 0.0 0.0 
0.14287905926 0.0 0.00406479881987 0.0 0.0 0.0 0.00497254440501 0.0 0.0 0.00432695169735 
14.7522564887 0.00661018241715 0.0 0.0219095353183 16.0839167224 0.0 0.0 0.0 265.619758725 28.6741616373 
0.0 0.0102205332398 1.48339402948 0.00442901564988 0.0101134047814 0.00268272884468 0.0 0.0 0.0 0.0 
0.00770205940607 0.0 0.00554272223218 0.0 0.0 367.382256607 0.0 0.0 0.0 0.0 
0.0 0.0 0.00286052697588 0.0568497996139 0.0 88.6090536949 0.0082284051619 0.0 0.0 0.0104835460846 
0.0 0.00250320456074 0.0 0.00242276225448 0.00260288698422 0.0183779542686 0.00409776078908 0.0103107007054 0.0128637069386 0.0 
