0.0 0.0 31.7177566756 0.0 0.0 0.0 0.00998818078028 24.8893066175 0.0 0.0 
0.0168676147348 0.0 0.0848862208769 0.0 0.0105500714935 0.0 0.0 0.00235149332043 0.0 0.016389763135 
0.00874447614788 0.724237125348 0.0 0.0 0.0119435527276 0.0 41.6500231162 0.0 0.0180824325733 0.00722858453922 
0.0 1.05216134282 0.0 0.0 34.0221646761 0.0 0.0 0.0105975605423 0.0 0.00605357594977 
0.00238764406187 0.00419701646041 0.0528179645103 0.0 0.0 0.00399929895058 0.0 0.00395941884108 0.0 0.00545437463184 
79.2326828204 0.0208599206134 0.0 0.0 0.0 0.0 0.0 0.0 0.0173028449454 0.0 
0.00946712133321 0.00888494798015 0.0 22.6674504841 0.0 0.0143483358148 0.0 0.00411230502509 0.00648923172334 0.0 
0.0 0.0 0.0 0.0 4.42913728282 0.0026866177452 0.0209743480259 0.0 98.4826520122 0.0656853188366 
10.2506335773 469.395840372 1537.16517251 0.315019946698 0.0154584560988 0.0 0.00658956802897 0.0 0.0 0.0 
0.0 0.0 0.0 0.0 0.00377161508595 0.0 0.00617562395736 93.1414988953 14.3425095223 0.0 
