0.0 0.0 0.0 0.00274874017467 0.00704331803498 0.0 0.0 162.545094368 0.0 0.0 
332.140837107 0.0 0.0039375748966 0.0 0.0 0.0 0.00410148587131 0.0 0.0 127.492530325 
0.0 0.092636439716 0.0 0.0 0.0156769219433 0.0106535189427 0.00245207136204 0.0149448437843 0.0105250755464 0.0 
0.0 0.0196267593775 0.0 0.0 0.0 0.0 0.0217864010651 0.0142146962682 0.0 4.5304506573 
0.0033500316466 0.0 0.0 0.0337772808638 0.0 0.00412730141756 0.0 0.0 0.0 0.0164151887628 
1280.34443794 0.00297149934563 0.0 104.099344304 0.0 0.0 0.0 0.0054014851424 0.0045710646118 0.0153476009335 
0.0 5.17342258044 0.00302494961785 0.36905122555 0.002940332228 0.0 0.0 0.0437908552171 0.0 0.0576118082408 
0.0040788499147 0.00412683862224 0.0 68.6915399042 0.151826116999 0.0 0.0 0.0 0.104790365496 0.00471529877833 
0.0 0.00612876080852 0.0 0.0 0.128312011596 0.0174428091093 0.0 330.623732196 0.0 0.0 
0.0 0.0 0.0 0.0 0.0 1.56512177356 0.0135109466274 0.0 0.00978021217589 0.0 
