0.0 0.0215922231939 0.0 0.00253397298834 0.00680847010977 0.00880708053296 7.72160107932 0.00929623252894 0.574808559776 0.0039773690847 
1672.44140366 0.0 0.0 0.0 3.34973591058 0.721946644507 0.0 0.0 0.0 1780.01683928 
0.0 0.0 0.0 0.0 0.00275259587637 1034.40681601 1490.84257681 0.00447842534594 0.00425348509088 0.0092643809796 
0.0 0.0 0.0 0.0 77.7711997877 0.0 0.0 0.0 0.0 1895.78655858 
0.70730604949 0.00311869935465 1.55145927697 0.0 0.0 0.0 0.0 0.975473772019 0.00372807823915 1354.66667893 
3.68781979347 0.0 0.0190262359768 0.0178596064569 0.00691503894173 0.0 0.0 0.0 0.0198279993805 0.0 
0.00997957974838 0.0 0.0 0.0 420.98045092 0.0 0.0 0.00237357837163 0.0 0.0 
0.0 0.212299407208 0.0 0.00760502603265 0.0 207.335812254 0.0 0.0 0.00649410833822 0.0138394277668 
28.8146392834 0.0 0.0 0.0 0.0 0.00491164028368 0.189089380567 0.0150229323776 0.0 8.98315901118 
11.7421944404 0.0 0.0 0.0 0.0694542040812 0.00303290989073 0.0 0.0195684972873 0.00911573160829 0.0 
