0.0 0.0141517721007 0.00840873040235 0.0 0.0 0.0 0.0 0.0 0.0 0.0156709572928 
0.00246925442803 0.0 0.0 0.374736670576 0.011231966349 0.0 0.00928093531954 0.0145065484814 0.0 0.0 
0.0 0.0163094715717 0.0 0.0 0.00795027027715 1.01763039672 0.0145989037967 0.0022723979025 0.0 0.0 
0.00272792053419 243.182365559 0.0 0.0 0.0422797519087 35.4218080856 0.0 0.0 1.31537977264 1274.95764663 
61.1385183887 0.0148573209664 0.0104334750915 0.00864537357215 0.0 0.0 0.104275838609 0.0 0.0153436163622 0.0 
0.0 0.0 0.00251859772768 0.00558994217508 4.48908657769 0.0 0.0116258907275 110.244617136 0.0 0.0 
0.0 0.0 0.00731502619138 0.252815904236 0.0 0.0 0.0 6.05984956952 0.0 0.0 
0.0 0.0 0.0 0.00482910519755 0.0 600.584170109 0.0 0.0 0.0 0.0 
425.698755269 0.0 0.0 1191.1317459 0.0206954151174 0.0 0.0 0.00414111013124 0.0 0.0 
11.8081037319 0.512414900491 0.170090774377 0.0 0.00297725240451 0.0 0.0 0.0 0.0 0.0 
