0.0 0.0 0.0149890055404 0.0 0.00523913807909 0.0 0.0137259687579 0.00593679185142 0.00378511632886 0.0 
0.0 0.0 0.0 0.0 0.0145751665194 0.0 0.00509319618695 0.00588590941243 0.0130924537812 0.00836307872286 
128.611335887 0.0 0.0 0.0 1.097160489 0.0118172883704 0.0 67.6160157216 0.0 0.00280122444927 
0.0106261098702 0.0 0.00259092382814 0.0 0.0 0.00958663365958 0.0 0.0 0.0 0.0 
0.00487827891719 0.0 0.0 0.0 0.0 0.0156414525247 0.00443482296078 0.00489216767939 0.0 0.0306775242779 
0.0 0.0026588185476 0.0 0.0 0.0 0.0 0.0152101171508 0.0 0.00246939008694 0.00345900225055 
0.0 0.0 0.0101257377494 0.0 0.0 0.0 0.0 0.0153251859226 0.00588573973789 0.00425623901805 
0.0098103462687 0.109940323368 0.0 188.470566037 0.0137261786286 0.0026194563775 0.0 0.0 0.00289436438071 0.00861207896311 
0.0 0.0 0.0 0.0 0.0 1604.24575977 0.0 0.0 0.0 0.0169474640076 
0.00298733965178 0.0 0.222893135829 0.0 0.00543280562472 146.36949834 0.0055417619322 0.0 0.00820660819248 0.0 
