0.0 0.00871082021535 0.0 0.0 0.0 0.282051254524 0.0 16.3741206128 0.0461294536279 0.0 
0.0 0.0 0.00286289580338 0.00595089162078 3.16810957924 0.0 0.107015240025 0.0 0.140080513807 0.0 
0.0 0.0438682744665 0.0 377.984888044 0.00725854247146 0.0177958197565 0.0 0.0 0.00763902790365 0.0342497447828 
0.0 0.0 0.0 0.0 0.0 0.934531296195 0.0 0.0 0.0 0.0186953258222 
0.0037807629451 0.0152431048348 0.00963938999871 3.29205164304 0.0 0.00427881231037 0.0 0.0 0.0 0.0 
0.0 0.0 771.707719267 263.492347457 0.00813205353003 0.0 0.0 0.0 0.0 0.0 
0.0 0.00285055185237 0.053524225833 0.0 0.01042603905 0.0480245150933 0.0 15.0724534524 0.0 0.0 
3.57132766081 0.0 0.0 0.00878908942652 0.791526546043 767.334258161 0.0 0.0 0.0 0.0 
0.0 0.0 19.8861191292 0.00609561575288 0.0 0.0 0.0 325.739669231 0.0 0.0 
0.0300928496601 0.0 0.0 73.3555015978 0.0 0.0022572946991 0.00279176866987 0.0 0.015109012971 0.0 
