0.0 0.00224677923131 0.0 0.00308835802442 0.011374851045 0.0 0.0 0.0 0.00763960566266 0.0 
0.0 0.0 0.0 67.7033880758 0.0 0.0 0.0 1856.04870989 0.0 157.90771989 
0.0 328.049358026 0.0 0.0 0.0 77.0965815693 0.00634740501392 649.513847757 1.35554514748 0.0 
0.0 0.0 0.0 0.0 0.0178103052689 0.0 0.0 0.00488498862318 0.0 0.0 
0.132919234711 0.0065385966067 0.0115982722579 0.0 0.0 0.0 0.0 0.0 0.0 0.0 
0.0 0.0 0.0 0.0 0.0 0.0 0.00728648667684 0.0447759139938 0.0 0.0 
0.0139616101237 0.0 0.00431426350477 0.26600345804 0.0 689.392574911 0.0 0.0 0.0123904060407 0.00504117377147 
0.0147619551364 2.62049090962 1726.63879398 0.0 0.0 0.0 0.00739768034043 0.0 0.00330751217515 0.0113340187235 
0.00585294252651 0.0 0.00372133582632 4.94138045166 0.0199164995212 0.0 0.0 0.0 0.0 0.0 
0.0 0.0 0.00463679340357 0.0 0.00341269769767 0.0 0.0 0.00322743210796 0.00420172115177 0.0 
