0.0 0.0 0.0 0.0 0.0 0.0 0.0 0.0 0.0 0.0137101324748 
5.21226010445 0.0 0.00312604379392 0.0 0.00338866213179 0.00416036568049 0.00295144536892 0.0 0.0 0.0 
1426.87842602 39.0705769307 0.0 0.0191724324401 0.0 0.0 0.00295434885985 0.0 0.0141576177475 0.0 
0.0106841838373 1643.42777345 0.0 0.0 0.00389730876816 0.00599597027444 0.769265845315 66.2282962483 0.0 0.0146302715127 
0.0 0.0 0.00777590879826 0.0 0.0 0.00644160618008 7.64407174191 0.00268376835955 0.0 0.0 
0.0 0.0 0.0 0.0 0.0 0.0 18.2208647368 0.0 0.0 0.0 
0.0 0.015636413992 0.00326377913359 0.0147484998601 0.0143363359707 0.0 0.0 0.0 0.229730714033 0.283270962327 
0.0 0.00319279622033 0.0 0.0 0.0106973532217 0.0117406493498 1.67216589604 0.0 0.0 0.0 
0.0052897252058 0.0179285848538 0.0 0.00839833690934 0.0 0.0 12.8333561697 0.00231484659524 0.0 0.0 
0.0147432071291 0.0 0.00231883765723 81.7711635321 0.470708413065 0.0 0.0 0.00254860856844 0.0 0.0 
