0.0 253.420623696 0.0 0.0 0.0 48.6257719706 0.0 0.00566111131532 0.00615901319729 0.00279633316314 
0.0 0.0 0.00451064339833 0.00565303147651 0.0 0.0 38.1590950043 0.00594440900089 0.0 17.4355200017 
0.370951882709 41.3375188496 0.0 0.00303901022406 0.0 0.00346155594875 0.00294312579208 0.00931022824661 0.0 0.0 
0.00332145580742 0.0 0.00546082652261 0.0 0.00225714401005 0.00406301828783 0.0175129070715 0.00459960742342 0.0 0.0112124287146 
0.00389481270516 0.0 0.0 0.0 0.0 0.129181620731 0.0156960768674 0.0 0.0 0.0 
0.014957912754 0.0 0.00419704306424 0.0 0.0 0.0 0.0 0.0141871594855 0.0 0.0 
0.0 0.00882993895415 1236.33269082 0.00324613902466 0.00334644728939 0.0 0.0 0.00388478702631 0.0 0.0 
0.00662407396516 381.056493707 40.5055336894 0.0 2.84308411573 0.0 0.00549192896302 0.0 0.0941629053068 0.00256122341912 
3.6012519766 0.0 0.00919806937021 0.00593143814077 362.260904323 426.545996031 0.0147248649724 0.0 0.0 0.0135372549162 
0.0 0.0 0.00367933168419 0.0 370.08481697 0.0077003001952 5.42740073908 0.00551139343715 0.0 0.0 
