0.0 0.00270449256452 10.7160294957 0.019368496808 0.0111710665312 0.00386399760131 0.0388085634476 0.008204055885 0.0 1332.01162585 
0.0 0.0 0.00415760176598 0.0 0.0 0.0 0.0 1.13373194847 0.00998807635841 11.8344575259 
0.0 502.618031401 0.0 0.0 0.0 0.0 0.0117745866263 0.0 0.0 0.0 
0.0 0.00270484884084 0.0042648693924 0.0 0.00594000754984 0.0 14.3451003773 0.00692586786402 0.0 2.35149846831 
0.0 29.0818430775 0.0 0.0 0.0 0.0 0.00314167591896 1.32427265589 0.00544143434669 0.0207943115141 
0.00935738617017 0.00747571702607 0.0 0.0150532724261 0.00488527751334 0.0 0.0 0.00500266885449 0.00266564304406 0.0 
0.0 0.0025641195517 0.0 0.0 0.0 0.0 0.0 0.0 0.0 0.0 
0.0 0.00663739566902 0.0 0.00301429672793 0.0 0.00292869331944 0.0 0.0 0.00282953362371 0.254849535079 
0.00334577412982 0.0 0.00846719140617 0.00225189700758 0.0 0.0 0.00679706485719 0.00301448601318 0.0 0.0 
18.0019872747 0.851316507827 63.0463150087 0.0 123.161943599 0.00960603008797 18.5013877981 0.639282277096 0.0 0.0 
