0.0 110.656525502 0.821601126499 0.0 0.00580300281734 0.0 0.00624619984679 7.51671160275 0.0120932919026 2.81202022546 
0.00382731131014 0.0 0.0174544203067 0.0 0.0 0.0 0.0 0.0175855947932 0.0 0.0170587874735 
0.0 0.265880912349 0.0 317.992835613 0.0 0.0039576087673 0.00762598284641 0.0 0.0 0.0 
0.0102313622462 0.00264522819164 0.0 0.0 0.00308275585264 0.0 0.0 0.0 0.0 0.0 
0.0 50.0479409713 0.0 0.0 0.0 0.0140869006261 0.0 0.691393635035 0.299052942962 0.00231223565048 
0.00609613453081 0.0 0.0142700630518 400.983391406 0.00571312018436 0.0 0.0 17.1754457986 0.0 0.0149317101622 
127.942618744 0.0 0.00622916437408 0.0 0.0 77.3897764297 0.0 0.0 0.0 0.0 
0.0 0.0 167.025345447 0.00505376905677 0.00245636681026 0.0285540698152 0.00728745200023 0.0 473.398157483 0.0 
0.00283281736887 9.10608373729 0.0 21.7459709401 0.0 0.0 0.0 0.0 0.0 0.0 
0.0104392331968 0.349971523981 0.00356988631644 0.0 0.00425351738664 0.00691172868209 0.00547442048869 0.0 0.0 0.0 
