0.0 0.0 18.7720214889 0.0741378251791 0.00266087535469 0.00868956081683 1.58876020938 0.0 0.0 0.0 
0.0 0.0 0.0 0.0 0.0 0.0 0.0 0.00559397904465 0.602993060007 8.22682633284 
0.0113384622573 0.0023656302401 0.0 17.1401797906 0.0 0.0 0.0581393843443 0.00578215094153 0.0 0.0 
0.0 0.0 0.0 0.0 0.0 0.0205931271081 0.0405042805327 0.00357267001031 0.0 0.0 
0.0161811545794 942.980325465 0.0 0.0101785174324 0.0 0.00987743742016 0.00728851298468 0.0 0.00329817246657 0.0 
0.0 0.00406438384931 0.00660935785895 0.00570945863696 0.0136188104223 0.0 0.010144820751 0.0 0.0 0.0170300716083 
0.0786624012866 0.160094149776 0.00465814175867 0.0 0.0 0.0 0.0 0.00616937358658 0.00312037394695 0.0 
158.863700173 565.76719546 6.20799873265 0.0 0.0 0.0 0.0834717620248 0.0 0.0100166215583 0.0 
7.4513436509 0.00374897715826 0.0 0.0 0.0115838228755 0.0 0.00734436813381 0.0 0.0 0.0101200380276 
0.0 11.8053089584 0.0 0.0 0.00297807094548 0.0 0.00271231376216 25.340525744 0.0 0.0 
