0.0 0.0 0.011146009875 0.019916729498 7.06913773723 0.0 0.00493060324785 0.0 0.0176888140406 0.0 
0.0117937438444 0.0 0.0 0.0 931.020193259 0.00750540884471 424.385893007 0.0 0.0 0.00365758430772 
0.0 0.00276057165784 0.0 0.0 0.0 0.0142668786225 6.97835399077 91.4307762936 0.00271801902547 167.154381629 
188.408806163 331.790972829 0.0 0.0 0.0 0.0 0.118825350912 0.00809315614397 0.0 0.00621211690125 
779.377980421 0.00256219592381 0.00511046248921 0.0 0.0 0.00304831235407 0.0 731.454913819 0.0 0.0125991869668 
0.0 0.0 0.0 0.0 0.0 0.0 0.0 0.00898601826108 0.00552578380115 0.0 
0.0 0.0 0.00253864174029 3.37115400782 0.008440909078 0.0104324301451 0.0 0.0 0.0 0.0 
0.0 0.0024887686017 0.0 0.0 0.0 1.44467265031 0.0 0.0 0.0 0.0132058567016 
0.0 0.0 0.0 0.0 0.0 0.0 0.00240434541529 0.0 0.0 0.0363024774886 
0.0 0.0923070518578 0.0 0.0 0.00231634898864 0.0 0.0 0.0 0.0 0.0 
