0.0 0.0 0.0 0.591108580053 0.0 0.0 0.00464934360527 0.0 0.0 8.80392363673 
0.00361340886896 0.0 0.0 528.300704541 0.00449473624989 0.0 0.0071122227898 9.19331710671 0.0 11.8251979365 
0.0245957408173 0.0401136509545 0.0 0.0 0.0 1.83807507784 0.00357170884849 0.0 0.0 0.0 
0.0 0.00419610458522 0.012452075663 0.0 0.0 72.9224829566 0.0 13.1928127755 0.137702725135 0.0062131323035 
168.121589493 0.0131324807899 0.0 0.00757469907128 0.0 0.0 0.0 0.0 0.0399654931229 0.00308270522441 
0.00285928235833 0.00881725308537 0.0 0.0 0.0166746745287 0.0 323.290427293 0.0139899564694 0.0 0.0 
0.00633438632649 0.0786447329269 0.0171956437044 0.0 0.0 0.0659617872848 0.0 0.0 0.0 0.00394027123086 
0.0 0.018108471715 5.49114443681 0.0 0.0770165152605 0.0 0.0 0.0 0.0 0.0193748560318 
0.0833938443903 0.429513534225 0.0 0.0 11.3438937898 0.00571029141232 0.00276050426033 0.0175998432567 0.0 0.147270406627 
0.0 0.0 227.989045175 0.228141660938 0.0 0.0 0.0 0.0 0.146820211667 0.0 
