0.0 0.0 0.00665427558506 0.0 0.0 0.0 0.0 91.1492894204 0.0859648699498 0.0 
0.00372477640274 0.0 94.9185314238 0.00239701307391 0.0 0.0 0.0 0.0 0.0 0.0 
0.0 0.0 0.0 0.00397217137847 0.168896155815 0.00369124640021 0.0 0.0 0.0464137684287 31.8307531632 
0.018113801343 0.0280773102395 0.0 0.0 0.00448923760606 0.0 0.0 0.0 0.00627091821424 0.0 
0.00518000230356 0.0 1250.809751 0.0490865783937 0.0 0.0 0.0 0.0198264251382 14.4452663026 0.0 
0.126093818912 0.0 0.0 0.0024763862074 1.11434219953 0.0 0.0 0.039985123163 556.110477338 0.00538373442125 
0.0 0.00909286869022 0.00309686132127 0.0 479.506127124 0.00546194905315 0.0 0.0 0.292269517839 0.0 
0.0 5.73129983496 0.0 0.0169562945253 0.00463758792788 0.00590189881816 0.0 0.0 233.788907525 0.00360097162659 
0.0 0.0 0.00465988186209 0.0 0.0126434060049 0.0 0.00703982824018 0.0 0.0 0.0 
0.00654767171658 0.0 0.0 0.0112526490993 0.00504930751984 0.0 0.0 0.0 0.00959019584368 0.0 
