0.0 0.0 0.0 0.0153235218727 0.00590319329568 0.0 1557.89661032 0.0 0.00492206098942 0.0 
5.19072268146 0.0 0.0 0.0 1.3033090594 0.0887772647471 0.0 0.0 0.0 0.0 
0.0 0.0 0.0 0.00464049758811 0.0 0.00901034376075 0.00358895839062 771.705082335 1.08920720156 0.0129486147219 
0.0 0.0 0.0 0.0 0.0 0.0049871987662 0.0 0.0 0.00734865147876 0.0187476210017 
0.0152034586446 0.0 0.0 0.987609865689 0.0 0.0127603964846 0.0885568866764 0.0 0.0172189388888 0.672196746025 
0.0155399719968 0.0 10.989630803 0.00255185348245 0.0 0.0 0.0262714833398 0.00519389876938 0.0 0.00755762133252 
0.0 0.00570794215884 0.0180791317834 0.0 0.0 0.0141325407938 0.0 308.871540771 0.0 0.0 
0.216438195366 0.0 0.0 0.00992413140989 0.00250787241176 0.0 0.0145882189115 0.0 0.0 0.0 
887.75449204 56.1709628267 37.1233998576 0.0 0.00384037052732 0.0 0.0 0.0 0.0 0.00901250283765 
0.0 0.0205293631142 0.0 0.0190741814841 0.0 0.0 27.5422207156 0.0 16.6372585128 0.0 
