0.0 830.085316526 0.0 0.0177365820976 0.0 0.0 30.648262544 0.00452317244237 0.0103082775681 0.0 
0.0718637112382 0.0 0.0996424870343 0.00344009002749 0.0 1.02662791251 0.00740358096197 0.0 0.0 141.665368276 
0.0230534072228 1.2553762057 0.0 0.0 0.0 0.0 0.0 0.0 0.0030420350378 189.101736459 
0.74283960335 31.8733478435 1383.72449684 0.0 0.0 0.0 0.0620907737789 0.0240197452228 0.0 0.0 
0.0 0.0 0.0 0.0 0.0 22.1745399765 0.0 0.0 0.0 0.00523646386464 
0.00343310739908 0.0 0.0 0.0 519.609499524 0.0 0.0242061706352 0.0 0.00323224587494 284.624882341 
0.00639683811873 0.0 0.0787851514041 0.00233223014445 0.0 0.0 0.0 0.0 0.0169095240595 0.00325172882718 
0.0 0.0 0.00942636448456 0.0 0.0 0.00340337279687 0.00566735608046 0.0 8.92924048916 0.0 
2.69549255707 16.530052746 0.0 0.0 0.0127896688525 0.0 0.00727301865444 0.02087060974 0.0 0.00504436334362 
0.0 0.00854860848615 0.00363331930126 0.0 0.0 0.0 0.0 834.546603565 0.0432346979166 0.0 
