0.0 0.0 0.00280604367133 0.00345783811853 940.409282422 3.8727294698 5.86154064874 0.780381178479 1210.82610506 0.230805849291 
0.0284870223139 0.0 211.30723762 191.236327101 250.473118252 0.00537557889186 53.236503264 0.0 0.229092200342 0.0 
0.0106574563467 0.0048715439701 0.0 0.0 0.00676735910258 0.006708939984 0.353142070182 0.0 0.0 0.0 
0.0 0.0196472906883 0.017329480648 0.0 0.0 0.0 33.6935617824 1130.80088187 0.0 0.015844781868 
197.261901424 743.151705079 806.152714622 0.00284599948915 0.0 0.0 0.68733613054 0.0 0.0 0.00578152844916 
0.214618763779 0.275703686083 0.0 0.0179269174228 0.0107429707085 0.0 0.0 3.00465496004 35.723367337 0.0 
0.0 1.91230039973 0.0 0.0 0.0829461505644 0.0 0.0 6.08088724516 0.0 0.0 
0.0 0.0150602479332 0.00352574472708 0.0 0.0029814612943 0.0 0.00307485640334 0.0 0.0 0.0 
0.0 0.0 0.0 152.513658415 0.0 0.0 0.00714882549641 0.0917374505155 0.0 6.64020516963 
0.0 0.0145873964357 0.0 0.0 0.0 0.0 0.0 0.00636091512854 129.498268332 0.0 
