0.0 0.023708460675 0.0 0.00518785189587 0.0126453998044 0.0 0.0 0.00569721358818 0.0164996881556 0.0 
8.82547248575 0.0 0.0 0.0084850025816 0.0128000210875 0.0 85.370046264 0.0 1084.14813406 0.0 
0.0 0.00584712949763 0.0 0.0 0.0126029187083 0.0 251.135619497 0.0 0.0 0.00230231084886 
0.0 0.0 0.0 0.0 107.23913282 0.0 794.908574494 0.0128099414245 0.0027570802412 151.480184754 
0.00282912644659 0.00790918563871 0.00257711869762 0.0177136851885 0.0 0.0 0.0 0.0136344895437 0.0141133282433 0.0 
0.0 0.0 0.0069006292243 0.0 0.0 0.0 0.00770781739869 8.80944571634 0.0 0.019284456967 
0.0 0.0 1.92718338912 143.076706126 0.0196603470535 0.00476102268834 0.0 0.00902182052435 9.54454388159 0.00335733816754 
1.37628313754 0.0143742989468 0.0379720170542 0.0 0.00241612888497 0.00462682546181 0.0 0.0 0.0109557745871 0.0 
517.120940937 0.0 12.5238817994 0.138060599231 0.0 0.00332671704332 0.0279265999937 0.00745792981253 0.0 0.00614376942632 
0.0 0.0 0.0 0.0195250901031 0.0 0.00740814663192 21.9565606694 0.00371513633892 0.0 0.0 
