0.0 0.0 0.0199157135316 0.0 0.0 0.0 0.0 0.00398771989721 0.0 0.0 
0.00432524283656 0.0 3.56886038308 0.167561444668 0.0106197817651 0.0 0.00358129302832 268.308919027 1.98541523281 0.0 
0.0160684272573 0.0129040044341 0.0 0.0 0.0159176410032 6.16860913197 0.0 0.490124314674 0.0 0.0274174531838 
0.0 0.0 0.0055103077958 0.0 0.0 0.0 0.0 0.0 0.0 0.0175224506902 
0.00992246560889 0.0 0.0 0.0073050044435 0.0 0.00708474631623 0.0 0.125341396793 0.0 0.00420731311336 
0.0 0.0 0.0 0.0107039950437 0.0024596354687 0.0 0.00461528862363 0.0 0.0 0.00475527564251 
634.059785347 252.466682623 0.0195442958189 0.00270203823434 0.0071729495575 0.0118529967387 0.0 0.0152305029279 0.00351931078821 0.0100683391814 
0.38837187689 1977.88314338 109.024759009 0.0157508520189 0.0 0.0 0.0120136349685 0.0 0.0 1255.71917466 
0.0 0.0033897157001 6.62466969882 0.0 0.0161575889638 0.0 0.0132670244314 0.00374850273528 0.0 0.0 
16.7670349773 0.0 0.180219548269 0.0 0.0170199824491 0.0 0.0 0.0 0.0131747000615 0.0 
