0.0 0.00901641180627 0.00242587774057 0.0 0.0031039115675 0.00668752991935 18.8815263566 0.0 234.511154938 86.1891551373 
0.0 0.0 0.0167388866231 0.0 0.0 0.0186190386492 0.0 8.14814923391 0.018922845891 0.0764111390002 
1156.22200141 0.0 0.0 0.00488663991125 0.0130198775792 0.0 0.630880413528 0.0 0.0 0.0 
0.0 0.00228661413974 0.0 0.0 84.4917791213 328.760475504 0.0123746076228 1.12384480243 0.00289581985146 656.371033366 
0.0 0.0 0.00266086102993 0.00250376353145 0.0 0.0 0.0 0.0 0.00601579101167 0.019276305526 
0.0 1262.67003946 0.0657042075661 0.0181998723525 0.00332369213745 0.0 4.74735741544 0.0 0.0 0.00338187846743 
0.0 5.06250887545 0.0 0.0 0.0127563260703 0.00387529265386 0.0 4.0448887916 0.00583844301469 0.0 
0.0 0.0 0.0129406803704 0.0167305692071 0.0 0.00907937407635 0.0 0.0 5.11776463409 0.0 
0.430525058509 1067.21813176 0.0 0.112808889184 0.00373500873991 0.00859701561144 69.5290644036 0.0 0.0 0.0 
0.01238830856 0.00351768159396 0.0 0.00226341116518 0.0 0.0 0.0 0.0 50.6162204876 0.0 
