0.0 0.011692512551 0.0 0.0 0.00789730037524 0.00471362735344 0.0 0.00511159411036 0.0 0.0 
5.25443706685 0.0 0.0 1.47010160268 0.0 0.0 0.501518181336 0.0 0.00509942864808 0.0 
0.0204815705932 0.0160789296818 0.0 0.0200939867345 0.00320175440358 0.00469535013137 0.0 0.0 0.0 0.0189639939747 
0.0 0.0 0.00401133302954 0.0 988.719870732 0.0 0.0 0.0 0.00251535784272 0.00228676409625 
0.0 0.0 0.0 10.1380065624 0.0 0.0680881085708 0.0 0.0 0.0 4.70347879531 
0.0 0.0 0.0 0.0 0.0 0.0 0.0 0.0123811785774 0.0103499519285 0.00294970472779 
0.0 0.0 0.0 0.00332127733353 0.0 0.0 0.0 0.00262393729835 23.8816809572 0.0 
0.00410719632346 0.00785945369998 0.0 0.0127554138539 0.00649685980549 0.0 597.452544907 0.0 0.0061014942139 0.0 
0.0105612705044 0.0 0.00246422616235 0.0 0.0 0.0 0.00605807912397 0.0 0.0 0.0 
0.0 0.0 0.0 0.0 8.4736407484 202.885157649 0.0 0.0 11.67093945 0.0 
