0.0 0.0 2.53477780844 3.35510378963 0.00334614802762 0.0147203798682 0.0 0.0 0.0 0.0 
0.0 0.0 0.0 0.00251629661934 0.00382023932359 0.0 0.204625232926 0.0 0.00387983776596 0.00675914551957 
0.0 43.533367284 0.0 0.0 0.014422620759 2.24577434426 1589.8641891 0.14214822896 370.345220958 0.0 
0.0 0.0 0.0 0.0 0.0 0.0 0.00594299126834 0.0113436211942 0.0 0.0077892245259 
0.0 37.2333390082 0.0 3.12240599723 0.0 0.0 0.0 0.0 0.0 0.00930599414381 
0.0 0.0039762305516 0.0 0.0 0.87589511371 0.0 0.019651099143 0.0 0.0 0.731050766242 
0.0 5.41431051452 0.0 0.0 0.0 2.91669429733 0.0 0.0 0.0154768773337 0.0 
0.0 0.417664017758 0.0 0.0582254872168 0.0 0.37662957025 0.00364712115062 0.0 0.003490254046 0.0 
0.0148330772544 0.0188297031829 58.6393057595 0.0 0.0 0.0 0.0 0.0 0.0 0.0 
0.0170701146839 0.0 0.0 0.00786376064659 0.0497344424652 0.0 0.0 0.0 0.0039894564512 0.0 
