0.0 0.0 0.0 6.68739132049 0.241514147349 0.00248575710007 0.0 0.0 398.876239782 0.0145106201581 
0.0 0.0 0.0 317.026541876 0.520030644713 0.0246464458945 118.771463808 0.0 0.0 0.00424607128246 
527.026049373 0.0 0.0 0.0432862082062 1.16547313457 0.0 462.877144643 0.0034914296411 0.0 0.00621728289174 
0.01714399698 0.0 0.0138033842151 0.0 0.0 0.0 0.0 0.00273816335649 0.0354878402964 0.00232085850379 
0.0 0.00275143439597 0.0 0.00352084159528 0.0 19.1553520664 0.0 0.0 0.0 0.0139248174345 
0.0 468.528599269 0.0 188.552765357 49.2809059633 0.0 0.00224504338761 0.00905066305254 1.46925388922 0.0 
0.0 0.00225858094373 2.64855915169 0.0 0.011151347836 35.7934306078 0.0 0.0 0.00251353322433 672.681815626 
0.0 0.00268763784901 1356.3666218 1.84912533509 0.0 31.8240680228 143.89406999 0.0 0.0 0.00354299969143 
0.0 0.0177279594573 0.0 11.926261229 5.7810061246 7.93704082444 0.00811137767118 0.00511140168265 0.0 0.246456095665 
0.0 0.00236795250702 20.7483473858 0.0085641564696 0.0 0.00228017217934 0.0 0.0 0.0 0.0 
