0.0 0.0 0.0 0.150540028308 0.0182300902547 0.0 0.00478481649576 0.0197530298518 0.0 0.0 
0.0 0.0 167.617472324 0.0 0.00277533336965 0.0 0.00945320591267 0.0 0.0 0.0 
0.00634436700936 0.0120003761831 0.0 0.0185687379658 0.00316610563135 0.00851346835957 0.00961467282545 1938.41435542 0.00718392997949 0.00607543137592 
13.8398180124 0.0165438210842 0.0 0.0 0.0 18.8961040158 0.0165313157962 0.0 0.0 0.00600285452283 
0.0 0.0 0.0 0.0502751360571 0.0 0.0 0.00468799204866 0.00329692902569 0.00403648932376 0.0 
0.0 0.0 0.00242228915787 0.0 0.206036017359 0.0 0.0830968294029 0.016202876199 0.0 0.0 
0.0 0.0 0.0126403383777 0.0 0.0 24.5783785066 0.0 0.0 0.0 0.0053680006874 
0.0 0.0 0.0 0.00944315969073 0.00328956193 0.0 3.25287375057 0.0 0.0 0.0 
0.0 0.0 0.0200132327587 0.0046053924748 0.00380390619929 2.95139994226 0.0162409016978 0.0 0.0 0.0 
0.0 0.0 0.0 0.0025152597776 1656.59828293 1052.39974923 0.0 0.0 0.0 0.0 
