0.0 0.0 0.0 1.43218191292 0.0 0.00250148496168 0.0377857209879 0.0 160.977018829 0.0 
0.0 0.0 0.0 0.0 0.0 0.017642296708 0.00706904604386 0.168623332606 0.0 0.0 
0.00740436308317 46.359242724 0.0 0.00343017629926 0.0 0.00265971039811 0.4550145722 0.0632525759663 0.00577623785305 0.0135556592719 
0.0 0.0 0.0 0.0 0.0 0.0 0.0 0.0649074957983 0.00318996977915 0.0125730846187 
284.708614995 0.0160647395041 0.0141009308605 0.00628031606821 0.0 0.00270292441452 0.0164838064263 0.0184040446699 0.0 0.027581622698 
0.0 0.00285385010795 20.7533389214 0.0 3.86296062804 0.0 0.0 0.0124025897617 0.0 0.0 
0.0 0.00457053205732 4.18818182466 0.00362905703374 0.00264795551942 0.0 0.0 0.0022591728413 0.0110213999958 0.977346320818 
0.0 0.00818946979135 0.0 0.0 0.0 0.0 0.00505575514765 0.0 0.00240270988786 0.0 
0.0167239106167 0.0 0.00930573883123 0.00340081088547 112.27818312 0.0 0.0 0.016476863883 0.0 0.0 
0.0201176877965 0.0 0.0 0.00315858478781 0.00352845816519 0.0 0.0 1743.73967184 0.00231118667156 0.0 
