0.0 0.0 0.0 0.0141626026385 0.00292838427979 0.0 0.0 0.0 0.0161062600388 0.00322431308978 
0.010516372342 0.0 0.0 322.510638586 1831.36226667 0.0383839330914 0.0 0.0 0.0 0.0152935517232 
0.0 0.0 0.0 0.0 0.0 24.178315284 0.00277879070216 0.101818656383 0.0105568721682 0.0 
0.0147839303531 0.0171871569682 0.00717859160126 0.0 0.0 6.57682608909 10.5492277669 35.5118701852 0.0 0.0111130712247 
0.00225483288603 0.310899933897 0.00637007299576 0.0 0.0 103.359739858 0.0 3.36798517429 0.00407422646184 0.00438332915655 
0.0 0.0 1056.08969459 0.0 0.431541132485 0.0 0.0 7.19191843453 0.00479311665268 0.493420065567 
0.0 0.453512291305 0.0 0.0 0.0 0.0 0.0 15.6590100758 0.0029437205735 0.00881593044699 
0.00308867917104 0.0132237084322 0.00516073470449 0.0 0.0 293.812666817 0.00327928532346 0.0 0.0033555332867 0.0 
0.0 0.00305087256306 0.0 0.0204933544658 0.0 11.8157924376 0.00588321860044 0.0 0.0 0.0 
0.00320346950134 0.0 0.0 0.00635466211836 0.00446055963606 0.0 4.17466976593 0.0 0.0 0.0 
