0.0 0.0088773824609 0.0122733180637 0.0 0.0 0.0 0.0 0.0 0.0 0.0 
0.0 0.0 0.0 0.00736103554792 0.0156133835708 0.0 0.0 0.0 0.00592403594814 0.0 
12.4838307791 0.00770444046579 0.0 0.010613364691 0.0 0.0191275153546 0.0 0.0 0.0 0.0 
218.346886397 0.0 0.0 0.0 0.0 0.00355734687806 1.80710553343 0.0 73.0738722034 0.0 
1.95453490676 0.0 136.285711858 0.00811426774565 0.0 0.0 0.0 0.916175274365 0.0 0.0145529952763 
0.0128750396259 14.1291678207 0.0 0.0 0.0 0.0 0.0 0.0 0.124144467721 0.0 
0.0 1203.03965796 11.655705374 0.0 0.0 0.0043295420844 0.0 5.56458718028 0.0125225133822 0.0131147071372 
0.00366692668093 0.0 0.847186997793 0.0 0.0 0.0351569303933 0.058909906102 0.0 0.00844164253563 0.0 
0.0 0.0 0.0782934773259 0.00329890491775 0.0 0.0 818.743062 1.50078898828 0.0 0.0 
0.0 43.7901947733 0.0 27.1618371471 0.00522616342438 0.0109582648075 0.0 0.00226682793148 0.0130677070044 0.0 
