0.0 0.0119018057686 12.69078526 0.00240534052028 0.0 0.017755455362 0.0127269677495 0.0064243828338 0.0 0.0 
0.0 0.0 0.00601034938299 1.52379821195 0.0 0.0 0.0 0.0 194.653857718 0.0 
1815.87933479 626.860736489 0.0 0.0113635880326 2.7367690512 0.0 0.0 0.00921826237116 1.99222468868 0.00476842148698 
0.0 0.00239877512368 0.00249486434426 0.0 0.0 0.00255962227808 0.0 0.0 0.0215867548805 0.0445085555912 
0.0 81.5928957217 39.227738102 0.0 0.0 0.0 0.00444319296332 0.0 0.0 13.7124330209 
0.00593297096785 0.00439841566557 0.00348939563469 362.076437606 0.00331399156029 0.0 0.0 0.0 0.0 0.0 
1448.70900712 0.0144911976536 0.0206616205527 0.013794733441 0.00620787916607 0.00241641883788 0.0 0.0 0.0 5.06885428883 
0.350118197191 0.0 0.00273201599039 0.00509901401412 0.023480000993 0.0 0.00327650425579 0.0 0.00909147488929 0.0 
0.0 0.00306596935501 0.0155364426653 0.802714425594 0.0 0.455238161684 0.00888329792105 0.0 0.0 0.0 
0.0 0.00225956079405 0.00949846421611 0.0 384.20184956 0.0160331463297 0.00256257867843 0.0 34.2936472062 0.0 
