0.0 0.00660696059133 0.364230657691 0.0 22.8958738241 0.0 0.0 0.0 0.0173891845402 0.0023225876523 
22.0884181403 0.0 473.249860008 129.367332447 0.00524860620335 0.0 171.27419254 0.0126779795387 0.0 0.00333303632567 
0.0 0.0 0.0 0.00630718032745 0.01149118783 0.695592766441 0.014784047712 0.0 0.0131984318104 680.715141567 
0.00837069238722 0.0 0.0 0.0 0.0 0.00570660558584 223.772619418 0.0 0.0692601302992 5.68354698813 
0.0 0.29024779032 0.0 0.0 0.0 0.00368010612669 1.99821309499 0.00292844560023 0.0 35.9310461567 
0.00382408376952 0.0179001594759 0.0 0.0 0.0 0.0 0.0 0.0 0.0 0.0072101568385 
0.143619317654 0.0 27.9299169851 0.00701797596293 0.0 0.0 0.0 160.513120873 0.00721003798577 0.0 
0.00886969007292 0.0 0.0 0.0162051959655 0.0 0.0 0.00302868933993 0.0 8.42840110993 0.0 
0.147469809023 0.0115885630413 0.0 0.00748136536899 0.00552956777201 0.0106907462454 0.00295840506813 0.0 0.0 0.00228777506601 
0.0 0.0 0.0 0.0 0.0 0.0 0.0 0.00359429706247 0.0140890941419 0.0 
