0.0 0.0158402527591 0.00515368239467 0.0 0.006363917566 0.00341980811032 1879.48258189 0.0 0.0109815450296 0.30160321477 
0.0122937571392 0.0 0.0 0.0 0.00674152786237 0.0 0.0 0.00283622142514 0.0 0.0 
0.0 0.0 0.0 348.925585642 0.881745881899 0.0119205902088 7.48387782032 0.00299804855367 0.0 0.0 
0.00287558524527 4.13856243698 0.0 0.0 0.00305822608511 0.00748914854254 0.20175801422 0.0 0.0 0.0 
0.0 0.0124983863605 0.00751694014938 0.092408051773 0.0 0.0204269532154 0.0118958388707 0.00966852127701 0.0 0.0 
0.0 0.0168099917793 0.0 0.0 0.0 0.0 0.0 0.0 0.0 0.0 
0.0 0.0 0.0 0.0 0.0 0.00715392440768 0.0 0.00558445277297 0.0 0.0191577152517 
0.0 0.0 0.0 0.0127905171801 0.0 0.00306830228408 0.048787930391 0.0 1.00246125308 0.00596312705143 
0.171503669417 1.21531579051 0.0 0.0 0.133191603577 0.0 0.00490172720965 0.0 0.0 0.0 
0.00378957591991 0.0 0.0 0.0 765.006517219 0.0170166504905 0.0125108203453 0.00234842245007 0.0 0.0 
