0.0 0.0 0.0 0.0 0.199571826508 0.0 0.0 0.0130683223779 0.00568912388873 0.00227273372517 
0.0 0.0 0.0 0.0 0.00356566864105 0.0 0.00467818961377 0.0 0.91564343739 0.0 
0.00338235749796 0.0 0.0 0.0 110.271154431 0.0 0.0 0.0207187736155 0.0 0.0070573135754 
0.0 0.00369694527311 0.0132529981004 0.0 0.0 0.0 0.0 0.00228604191003 381.621843857 0.0 
0.0 0.0 0.0 0.0429515833487 0.0 0.00678597825091 0.0 0.0167328314196 0.83760602582 0.0927154016165 
0.0552957030975 0.00961951678293 0.464607411462 0.0 0.0 0.0 0.010575927991 0.0108476973196 0.00428185948929 0.0 
0.0 0.0 0.0033075859215 0.00377518023894 0.0 0.0 0.0 0.0 0.0 154.806897462 
0.00286733649248 0.0 0.0 0.0 0.236459004859 0.0153596959398 0.0 0.0 0.142123238904 0.00522372229385 
0.0194826501025 0.115597570507 0.0 0.00306237252279 0.0 0.0 0.0 0.0 0.0 0.00589621859421 
0.00492303487101 0.0 0.00970996564464 0.0 0.00609790548523 0.0 0.0 0.0 0.0 0.0 
