0.0 0.00362622732571 0.0 0.0 0.00331248038268 0.00253102993812 0.0 0.0 33.9105840204 0.0 
0.0 0.0 0.0 0.0 0.00914427967564 0.0 1997.76476899 0.0161409029398 0.0 20.6515837793 
0.181297075183 0.0 0.0 0.0 0.0 0.00520694836778 0.00444595518504 0.0 0.0 0.11002706646 
0.0 0.644087204189 0.0 0.0 0.0 0.694148140165 389.269855181 0.0 0.0 0.0448906734143 
0.00315711834589 12.7595388596 0.0 0.0 0.0 0.0 0.00453961348526 0.429089969028 0.00363255829701 0.0 
0.0134641019433 0.0 0.0 0.0 0.0 0.0 0.0 0.00474694188304 5.10905883795 0.0 
0.0 0.0045210702477 0.0 0.0083530810704 0.0 0.0177177233605 0.0 0.0 0.0 0.00429234586093 
0.0182950949694 375.939510091 0.0 0.0 0.0 0.00232919803986 0.0 0.0 0.0040993774851 0.0 
0.0152911415941 0.00248625138849 0.20668070766 0.0149691813662 0.0 0.0 0.0 129.965656245 0.0 3.54295067471 
0.0 0.0 0.210590447711 472.223871168 0.0 0.0760748095145 0.0150644217289 18.4210511599 107.793707174 0.0 
