0.0 0.0 0.0159621282524 0.0 0.0114833834058 0.0108445477492 0.0151759793976 0.0 0.00704029877422 0.0 
3.11053955836 0.0 0.0 26.1201587194 0.0 0.0 0.0 0.0 0.0274530768233 0.0198616744861 
0.00453269331632 0.0 0.0 0.0119877027951 0.00804884900207 460.55673728 0.0 0.0 0.0067946822984 0.0 
0.0 0.0 0.110008568942 0.0 0.00468922075299 5.87138627262 3.24289038167 0.0 0.0 0.0 
0.0 0.0 71.7817879904 2.43210413903 0.0 0.0 0.0 0.0 0.0134774604728 0.0 
0.0 0.0 0.0 0.00331865319138 0.00811075794665 0.0 0.0 776.659561778 0.00248012881059 0.00557863973407 
0.0 0.0 0.0 0.0 0.0 0.0 0.0 0.00298024109899 16.0358600855 0.00627716501263 
1150.8024088 0.0043659921292 0.00233527159817 0.0 0.0 1.35339167265 0.0101547423074 0.0 0.0187354592388 0.0025272202494 
0.00310989743497 0.0067096246915 0.0 0.00315718191683 0.0 0.00342123519256 0.00493169760925 0.0176239869998 0.0 467.977235488 
0.00235545062382 1635.76991266 21.2775167976 0.0 0.0 0.0 0.0 0.0 0.00252242875927 0.0 
