0.0 0.0 0.00420321298744 5.38739887779 0.00480222827859 0.0 0.0 1591.3016387 0.0 0.00917859656368 
0.0 0.0 0.00639825900626 0.00225303641762 0.0 1537.39611917 0.0 0.0 0.0 0.00898959091787 
0.0 0.0 0.0 0.62595980422 879.577837384 0.0 4.7648752936 0.0 188.116738211 0.0 
0.0 0.0121488735684 0.00334768733507 0.0 0.0 0.0175719399599 247.679463546 0.0318381216614 0.0 0.165302440021 
248.379355183 0.0147654536655 0.00580750469921 1679.06465204 0.0 0.0 39.9561049747 0.0175693341563 0.015101730775 0.0 
0.0 0.112507968588 0.0 0.0 0.0 0.0 0.0125580269474 0.0 0.0 0.00926887905894 
0.0 0.0 0.0 0.0 0.0838390936745 0.0 0.0 24.0514183525 0.0 169.418831309 
0.0 0.0 0.0 0.0 0.0 0.0 0.0 0.0 0.00368702513501 0.0 
0.0 0.00479608128246 0.0 0.0 0.0 0.00272652913768 0.0 112.729507001 0.0 0.0111855248281 
0.0 0.00374234497938 0.0 0.0 6.79492798988 0.0023764411243 6.87321808696 0.0 0.0 0.0 
