0.0 0.107605668553 0.0 0.0 319.440995649 0.258786779285 0.00750911334534 0.0 0.00407744229984 0.0 
0.019316328022 0.0 0.0 0.0 0.0 0.0 48.4550624105 0.017730074441 0.0 0.0 
0.0 0.0386678056524 0.0 0.0 0.00239966113042 0.00577672022743 0.00379383833018 0.0 0.0 0.0 
0.00561812622763 0.295139661732 0.0479188705127 0.0 0.0 0.0 0.0 0.0190446339274 165.668675073 1.1784277277 
0.0 0.0107559633572 0.0105931150438 0.0151084199171 0.0 0.00550564586332 0.00292594594667 0.0 0.329209041026 0.0 
0.0 0.00554201605289 0.0 0.0 0.0 0.0 16.1534047176 0.0 0.0 0.0165115525357 
0.00226404226088 0.0 0.00289913628112 0.0 0.00606741785729 0.00870714379955 0.0 0.0 0.0114368568103 0.0 
0.0 0.00278399403083 0.0160021035628 22.1480740812 0.00589641610544 0.0 0.0 0.0 0.00286883896529 0.0 
0.00388693710209 0.00469252727466 0.0 0.0 0.0191833793469 0.0 0.00432157122352 0.0835544458875 0.0 0.0 
0.0 0.0 0.00368945456864 32.2769346314 0.0 0.0 0.0 0.0 0.0 0.0 
