0.0 0.0 0.362904227402 0.00259003016262 0.00881321587783 0.0 0.0 0.00595717249043 0.0 0.0 
0.0 0.0 0.0 0.0 0.0 0.0 0.00307503718223 0.00879405364694 0.0 0.0171977628753 
0.0 0.0133025687426 0.0 0.0034485355056 0.0 0.0 0.0 0.00364697162933 31.4423618262 0.00645902734012 
0.0150204212575 0.0 0.0 0.0 0.0 0.0187096211156 0.0 0.0 0.00227621029186 0.0158054291628 
0.0 0.020923361785 0.0 0.0 0.0 0.0 0.0 0.00937898270175 623.15745547 687.947998553 
0.0 0.0114688148832 0.0161153905736 0.0107225302298 0.0117468402987 0.0 0.0 464.934293841 0.00380784725405 0.44237134525 
0.0101539188544 0.00764618680518 0.0 0.00238312377972 0.0 0.0 0.0 0.0141312927652 0.0 0.0 
0.0 0.00959204273649 0.0 0.0762591294382 0.0 0.0100486042783 0.241841533206 0.0 0.0 0.0 
0.00611404536587 0.0 0.0 0.00306003324681 0.0 0.00231168981782 0.00765026610178 1.14768966779 0.0 0.0047039177943 
1264.26297548 0.0 0.0 0.0 0.0168220649329 8.19044893552 0.0 0.00472183540665 453.523956236 0.0 
