0.0 0.0 0.00337172893671 0.0 0.0 0.0 199.714196796 41.2706348932 0.122781665547 0.0 
0.0 0.0 0.0 0.0 0.0 0.0 0.0 0.00918103603732 0.146843110254 0.0 
0.0 0.0201698312251 0.0 0.0 0.0 0.0 0.0 0.0 0.0 0.0 
0.00255562192216 0.0447370411953 0.0 0.0 0.0 0.0 0.236566012327 0.0163180478689 865.839409767 0.0 
0.0286380355083 0.0 0.00396770551518 0.00274606862585 0.0 0.00391440916161 0.0 0.0 0.0 31.2707849835 
2.97639888516 0.0 0.0 0.18637731996 0.00227230949079 0.0 0.0 0.00631445215691 0.0 0.0 
0.0487749134302 0.0128690821524 788.134950654 0.0 394.944352138 3.45598207813 0.0 0.00237483891162 4.12423010016 0.0 
0.0 0.0470141649734 0.0 0.00251688595644 0.0130944905883 0.00852739770627 0.0 0.0 0.0190047445738 0.0 
0.00356013802845 5.66841788397 0.00317021387372 0.0 1707.23098412 0.0121510201227 0.019659696609 5.17968372552 0.0 48.0616813853 
0.0038944691211 0.0848723981903 0.00227590691612 0.0 0.0 0.0 0.0 0.00548080495121 0.0 0.0 
