0.0 0.0 0.00342485866326 0.0 0.0 0.134323210296 0.0 0.0 0.0 0.0 
0.00528771548449 0.0 0.0 0.0 0.0 7.39922083827 0.00945782801753 1.18096843765 0.0 10.3565555926 
0.01984932406 0.0114656090274 0.0 0.00635543517848 0.0185035299695 0.00473754268389 0.00409707732921 0.0 0.0045630875242 0.0 
0.00370265731653 0.0 0.0 0.0 0.0127231348124 0.0128485558632 1338.77213052 0.0 0.00400306719347 0.0134602951594 
0.0 1.12400675827 0.0 0.0 0.0 0.0 0.0 0.0 0.00994647564695 0.0 
0.0 0.00843750012094 0.0 0.0186605527112 0.0151409334133 0.0 0.00561265061293 0.0151465183041 0.0162985373775 373.353020847 
994.99754483 0.0 0.0105555937242 0.0 0.0 0.016985353007 0.0 0.0 214.428973068 0.00298790303068 
0.00383867474861 125.135027826 0.130376833542 0.0 266.6874215 0.0 0.0 0.0 0.0178109256843 0.0 
0.0 0.0 0.0171422888184 0.00444725748421 0.349408499612 0.0 0.0 0.0139930250001 0.0 0.0 
1.54628409289 0.00647977208468 0.0 0.0 0.0 0.0 0.0 37.2922447863 0.0756962654222 0.0 
