0.0 160.799008197 100.446410916 0.0 0.0 0.160306842874 0.0130016846132 0.00794008150197 0.0 0.00493836058871 
0.00496999098648 0.0 0.0041076142421 0.0 0.0 0.0 0.0118059894737 1486.06262998 109.894833582 0.00311794977888 
0.0 0.0 0.0 0.0 0.0 0.0 0.0 0.0 4.04191797231 0.0027182993581 
0.00352111462361 0.0 0.0 0.0 0.0 0.0 0.00242151462971 1854.60251189 0.00822585438066 0.0 
4.47673365445 0.0204434289673 0.0128507596049 9.44521565165 0.0 0.0158864329233 0.0194035274844 0.0 671.965018876 225.093704842 
0.0 0.0148699609266 0.0111348550175 0.0 0.00281306744305 0.0 0.0 26.8750072956 0.0022581325528 0.127640880521 
0.0 2.42112865807 6.36172154138 0.0 0.00371486517774 20.7614619396 0.0 0.0118730568293 0.0 0.0 
0.0 0.00991543165602 0.0 10.2034810362 0.0 12.4261934038 0.0 0.0 173.514835726 0.010417466269 
0.00231615616094 0.00256102847487 0.00692792566233 0.00431901352257 0.0 0.0 0.0024517697986 45.8641699547 0.0 0.00561806952514 
0.0 0.067451228506 0.0120670012719 10.0370285006 0.0 0.0138833456879 0.0 0.00700549392883 0.0 0.0 
