0.0 0.0 862.586737929 15.7893616546 0.0 0.0 0.0 0.0 0.0 0.00341379167949 
0.0045389371643 0.0 0.00963529167887 0.011073718423 0.0 0.0 0.0 0.00455002370347 0.0 3.23007093159 
0.00797655242073 0.00307153769271 0.0 106.223505259 0.0 0.0 56.6240196233 0.0 0.0 7.28782471339 
0.0 0.0 0.0108674269661 0.0 0.0 0.0 0.0498637374405 0.00283968627457 0.0223258635063 0.010424212774 
0.0 2.44206161356 0.0111743246623 0.0 0.0 0.0 0.0906433870475 0.0106278316871 0.0 0.0267003440184 
0.0 22.1693726489 0.0 3.38006113031 0.0 0.0 0.0 0.00613830972007 0.380618120664 0.0 
0.0 0.0 0.0 0.308381131458 0.0 0.0 0.0 0.00615862950147 0.0 0.00399627492156 
997.574420164 0.0 0.0 0.0 0.0123932448483 0.0234955251505 0.0199303501719 0.0 0.0 0.0 
126.368777027 0.0 0.0 0.0155590996063 0.0 0.0 0.0138224750934 0.00230180236041 0.0 0.0 
0.0 409.959930195 0.0 0.0 0.00667231544092 0.00435440978068 0.370315108379 0.0223741381655 0.0 0.0 
