0.0 0.856666131439 0.0 0.0 0.0 0.0 0.0 0.0 0.00669390964991 0.0 
147.281440502 0.0 0.659962918581 0.00442663372117 0.290042104517 0.0 0.0136102866378 0.0 0.0 0.00696272090314 
0.0 0.152177029054 0.0 0.0192933237384 0.00315337569632 0.00251515384434 0.0066958620611 0.0 122.643164049 0.0 
0.0 0.736563894995 0.0 0.0 0.0111840709342 0.0110711410376 0.0 0.0 0.0027318234687 0.0 
0.00484374128206 0.0 0.0 0.00417247867993 0.0 0.027837365909 0.130350423958 0.016912373168 0.0167626532385 0.0 
0.0 0.0164616412719 0.0 0.0 0.0 0.0 0.0 0.0 0.0 38.2741062344 
0.0 0.0 0.0 0.0 0.0 0.0 0.0 0.00893039959458 7.85716403275 0.0 
0.0171201193279 0.0 0.0 0.0024415139756 0.00753786969292 508.442644734 0.0101392478676 0.0 0.010855051733 0.110649894058 
0.0314079910755 0.0 0.0 1.69824901213 0.0 0.0 0.0 0.00415210137 0.0 135.38545572 
0.0 0.221291242141 0.239126793103 0.0376587158183 0.0 0.0 0.0 59.9176360238 0.00835911365897 0.0 
