0.0 317.654290288 0.0 0.0 0.0 0.0 0.0 0.0207009983214 0.0 0.0092050467802 
221.374931642 0.0 0.0 0.0 1232.71098439 0.0316904057905 0.0274637873995 10.7153688573 0.00440737132916 0.0 
0.0 0.0 0.0 0.0 0.333552115071 0.00230073076532 853.631597348 0.0081311958103 512.407002242 0.00289050918896 
0.0138590847335 0.0161195310132 0.00334692042904 0.0 0.00496044659482 0.0 290.001637999 0.0 0.0 0.0 
0.016205915618 9.10349470795 0.0 0.00290528538263 0.0 0.0 0.0 0.0 0.0 0.00267880504287 
0.0 0.00562251335533 0.00744784901979 0.0 0.0 0.0 0.00498899661369 0.0 0.0 0.0 
0.0 0.00827524157458 0.0122176471555 0.0 0.0 0.0 0.0 339.345642608 0.0 0.0 
0.00432461281184 0.00588909709298 27.2127248305 0.00319059497194 0.015507523929 0.0 0.61519981009 0.0 0.0 0.0 
0.0134256617161 0.0 0.00862162208179 0.0306407498183 0.358861768763 0.00995941518591 0.0 524.335255872 0.0 0.0 
0.00492605575179 0.00265717590004 0.0 0.00321442404711 0.00324637833138 0.00509044451355 0.0091856821387 0.0 0.0151586625378 0.0 
