0.0 82.4553413536 0.00724021995493 0.00547135665583 103.168431134 0.0 0.0 0.0 0.0 0.0 
0.00563546146391 0.0 0.0 0.0 0.00912590072745 0.00521764025932 0.0 0.00432091263154 0.0 0.0 
0.0 350.414531802 0.0 0.0 0.0 217.456473876 0.0460615961854 0.0 0.0 0.0 
0.00947359405857 239.416278599 0.0 0.0 0.0 0.0 5.4746349246 0.0 0.0 821.2479619 
0.0 0.0 0.00698890569885 342.815860363 0.0 0.0 55.3647891147 0.0159219373133 0.0121219758408 0.0 
0.0 0.015033289628 0.202497758888 0.0 0.0 0.0 0.0449715432284 0.0 0.010635125841 0.0437871119223 
0.00688253903599 0.0 0.0 0.0 0.0 1.66840662034 0.0 0.0 0.0 1239.95895695 
0.00567514671511 0.0 0.0128932685172 0.0 0.9749485608 0.145919708503 0.0108636947321 0.0 0.0 0.14484556829 
0.0111141707507 0.00226638505667 0.0 1.82485011461 0.00414179613503 0.0 0.00988655544185 0.0 0.0 0.015843997203 
0.0 0.00242981354083 0.0125321521091 0.00487944674035 0.0188148309737 0.0055329421204 0.0163915805259 0.0 0.00288077633933 0.0 
