0.0 0.00415039668292 0.011582476791 0.0 0.00464329343042 0.00431626618878 559.501523606 0.0 0.0 0.0 
0.0106564530085 0.0 0.028222897701 0.0 0.0860306694587 39.6138034456 0.0 0.0 26.2769856211 0.0 
1185.93963593 0.0 0.0 0.0 0.0 0.0 0.0 0.0 0.0 0.0 
0.0050247189325 0.00298316303061 21.3485544305 0.0 0.0629542626598 0.00531190306692 0.0200816434762 0.0 0.04147021693 0.00551514609833 
0.116836181631 1.44382454473 0.00798097694804 7.2782145275 0.0 0.0 43.2160218467 0.0 0.00231673913605 0.0 
0.0 0.00341079387744 0.0 0.0 0.0 0.0 0.0 1304.17034177 0.0 0.0115710336273 
0.0158992997764 1900.2636347 0.0128293656973 0.0122403511466 0.00542728331485 5.06274182304 0.0 0.245230804076 0.00234487788037 276.179550053 
0.00393741353757 0.0 0.0 0.0056026208672 0.00335898686792 0.0 0.0 0.0 0.0 1.24587260231 
0.0 0.0 0.00232325964803 0.0031683930871 0.0 0.0 0.0 0.0 0.0 0.0172306078251 
0.0 0.0 0.0 0.0722544110468 0.0184623419333 0.00251080975541 0.00242643672725 0.0364344966833 0.00301750702885 0.0 
