0.0 138.047989104 0.0112218449974 0.0068243014994 0.00406827108947 0.00282701092116 0.0324359036029 88.619138116 0.0 0.0 
0.0 0.0 0.0 0.0 0.0 0.0483788490193 16.0322745621 0.0 0.0102846339687 0.0 
0.0 0.0 0.0 0.00523258784218 0.0984245381531 0.00465925725691 0.0 0.0 0.00481949717348 0.0 
50.0356801294 0.0206487060745 0.0 0.0 0.0045545893439 0.0 0.0151678162965 0.0 0.0 0.0112255253889 
0.0 0.00484235059984 0.00419768214627 0.00429264518386 0.0 0.0 1114.25710836 0.0111602343973 0.00307593404868 0.0 
0.0 0.0 0.0 0.0458812322404 0.0 0.0 0.0 0.0111810386816 0.0 0.0 
367.242113667 0.00602390657899 0.0 0.0 0.0248156982576 15.1851684866 0.0 0.00854841152306 0.0137968198927 0.0 
0.0 0.0 0.0 0.00946296646976 0.0 0.0144857733601 0.0 0.0 0.00485910153559 0.0 
0.0824414988964 0.0 0.0178991309572 0.0232435499605 0.0 0.0 0.00343462642878 0.0 0.0 0.0 
0.472905896143 0.0505620089969 0.0164042230419 0.0 0.0144604100094 0.0 29.0951632667 0.0 0.0 0.0 
