0.0 0.0 0.0125977009582 0.00318628565266 0.0 14.4904703305 0.00384794045254 0.0 126.432157489 0.0 
0.0121290367139 0.0 0.00705334467936 2.58420107118 0.0 0.042403884238 44.8826947204 0.0 0.0 0.0 
0.0104916653101 0.0112760988608 0.0 0.0 0.0 0.573667674246 0.00654272187503 0.0 0.0162450984574 0.0 
0.0 205.153569953 0.00378382680566 0.0 0.0 0.337296031443 45.1805144132 0.013126343928 0.00604881893647 0.0163605653965 
1.83506833286 0.0 0.00678050688522 0.0 0.0 0.0 21.3435033759 0.0183852205179 0.0106178480542 0.0425924928935 
0.0 0.0 0.00323827361328 0.292115302967 0.0 0.0 0.00325198023567 625.213258368 0.0 1.5020263417 
0.00783949208962 0.00283500241089 7.17187573173 0.019040443496 0.0 573.635210017 0.0 0.0 0.0 0.0 
0.0 0.0297391181528 0.0 0.00503122577564 0.00358006260459 0.0 0.0 0.0 0.00350876217224 1914.66543167 
0.0 0.00777104849507 0.0131990504946 0.0 0.0102104966677 0.00365347671104 0.0 0.0124740261959 0.0 0.0241803974822 
0.0283291016183 0.0 0.0 0.0 0.0 0.0209273026381 0.0 0.0 0.0 0.0 
