0.0 0.0 0.0 0.00363877237714 0.0 0.0183003369422 0.0 0.0 0.00709596084756 23.3376239408 
0.0 0.0 0.030832705649 0.00230306666287 0.00743962861188 0.111304784528 0.0 0.0 30.7933276549 0.0 
0.00756076375655 0.0 0.0 0.0 0.0 0.0 0.0 0.0 0.00291822739321 0.0124369936695 
0.0 0.0 0.0127713492685 0.0 0.475989316568 0.00866342467402 0.0 0.0 0.0 0.0 
0.0 210.998674482 0.00520190939386 26.9911128785 0.0 0.00618605694536 0.0 0.00265827559074 0.0 0.0 
0.00402070760099 0.045114716359 1.07188112158 0.0 0.0 0.0 0.00250232178023 0.0 0.018384204847 0.0 
0.0148036986413 13.3148849051 0.0176244498556 0.0 0.00587551802788 0.0 0.0 0.0 0.0 0.0 
0.0 0.00493037529366 0.00297716992189 0.0 0.00824850913741 0.0 0.00608550527255 0.0 0.0 434.014271359 
0.00472935432509 0.00237795533265 0.0 0.00871979525649 1041.02212773 0.0 0.0078472208054 0.0 0.0 0.0 
0.0 0.0 250.227662417 0.0 0.0 0.0 0.0162140664337 0.0 41.1801819664 0.0 
