0.0 0.0061594472586 0.0 0.00766782945613 0.0 0.00417116686655 0.0 3.71724237356 0.0 1.60883848542 
0.0 0.0 0.0 0.0 11.8583433162 0.0110797183734 0.0138303178228 252.55002988 0.0 0.0 
0.0109622403389 6.37247065374 0.0 0.0 0.0173554512363 0.0198857677401 0.0 0.00599944146278 0.00256335154227 0.0 
0.00490266119672 9.63904403032 0.0104773237694 0.0 0.0117957267173 0.00692221594089 0.0192492130789 0.00610684803493 0.00233658775637 766.545355234 
0.0981883288055 0.00335239224278 3.27163320871 0.0 0.0 0.0 0.0 0.0 0.0 0.0 
0.0 0.0 0.0427026242503 0.0 0.0 0.0 0.0 0.00235450759118 0.0 0.0 
0.0 0.0 10.859519185 724.431028926 0.0 0.0 0.0 0.0273423719924 0.00688726176945 0.0 
0.00862409474541 0.00458570363318 0.0 0.0 0.0 0.0 0.976325718451 0.0 0.00411801651187 0.0 
0.0 0.0 0.00396963573442 0.0 0.0152028096617 0.0 3.18275851337 0.0 0.0 0.00608455587601 
0.0 0.00776356544239 0.00450634034005 0.0 717.113508382 0.0 0.0 0.00916738556998 0.0 0.0 
