0.0 0.0 0.0 0.0 0.0 7.77690586601 22.3264714919 0.0 0.0 0.304891398542 
0.0 0.0 0.0189206681746 0.00530469982552 0.0 0.0 0.00344431538417 0.0 0.0162299512502 0.0 
0.0 9.3219137428 0.0 0.119934688362 0.0 0.0141796588517 0.0 0.0144340698108 2.83633594178 0.0187934844083 
0.0883995070696 0.0583366518113 0.0209032865116 0.0 0.0 0.00698548253762 0.00651531905229 4.76484593851 0.0 0.0 
42.4467496064 1.29274366586 0.00874360987033 0.00682988409065 0.0 0.0 339.949681334 0.0 0.0115694651065 0.0 
0.0 0.0 0.0 6.33800917954 0.0 0.0 17.4899720633 0.267341691436 0.594984589732 0.0 
0.00370132042315 0.0 0.0 0.0362866660576 0.0 0.0 0.0 0.0 3.16216203776 0.0 
0.020008854211 20.2392055078 0.00451430827573 0.0 0.0192520423316 0.0 0.00296524018281 0.0 0.0 0.0 
0.0 0.0156352731046 1246.68347374 0.0132011312282 23.131719515 0.0 0.0 0.00864353516617 0.0 0.0 
0.0 0.0 0.0 0.0 130.536417896 0.0 0.0 0.0 21.0171204017 0.0 
