0.0 0.00614213184637 0.00329955460333 0.0122492308533 0.0 0.00824682913407 0.0 0.0 0.0 0.0 
0.0 0.0 0.0113234368101 0.00283971209821 0.0 11.9542494091 0.0157812779812 0.00332965664019 0.00478344146422 0.0 
10.00369038 0.0 0.0 0.00436200520676 0.00624672087536 58.3123074328 61.3445410392 0.0 0.00585936193827 0.0 
0.00547916258782 0.0 0.0 0.0 0.0 0.0480838484954 0.0 1.00098015167 0.0 0.0142857577603 
0.0 0.0369703489045 0.0 0.0 0.0 0.0 0.0 2.87502626522 0.0 0.0199795330002 
0.0 0.0 0.0 0.00376095594544 0.0 0.0 2.78244650225 0.0 0.0 0.0 
0.0 0.0698140349212 0.0180927623283 44.1467334067 0.0352313186653 0.0 0.0 0.0 0.0 0.284135759962 
0.0 0.0 0.0 34.7955686061 0.753396999134 0.0 0.0 0.0 0.0 0.0 
0.0 0.00718502154823 0.0 0.0 0.00269513752037 0.00240836161442 0.0 0.0 0.0 0.0 
0.0 0.0 0.0 0.0 0.0 0.0 0.0 0.0 0.0 0.0 
