0.0 0.0 98.7224108208 1388.81348776 0.00736214333943 0.0 0.0 0.0 0.0 0.0042930661822 
0.0 0.0 11.7293437749 0.0 0.0 1368.00060014 0.106360024501 0.00634399244866 0.0 0.0 
0.00270728783486 0.0 0.0 8.92138565206 0.0 0.00433699600017 0.0 17.7397967533 0.0 0.0 
0.0182273025352 0.0 0.0 0.0 0.0 0.0 0.0 0.167025878472 0.0 0.0 
0.386699083674 0.0 0.0092784781026 0.0 0.0 1.88128631449 0.0 0.210643024341 0.0 0.0104380854249 
0.0117635587103 0.0 0.0 0.0 0.00437557384823 0.0 0.0 0.0 0.0190410317628 0.0 
0.0 0.0 0.0155174245671 0.0 0.00837807255371 0.0 0.0 0.0 0.0 0.00529727497316 
0.0023668801152 0.0 0.010017473985 0.0 1400.36012754 0.0 0.0 0.0 0.0142483409816 1.88390417925 
0.0 0.0301547996962 0.0 0.0 0.00820097235434 993.617627699 0.157322354207 0.0 0.0 0.0 
0.0161817265267 0.0171949736476 0.0479817929127 0.0 0.0 0.00248934909252 0.0 0.0059558978072 0.00932963756225 0.0 
