0.0 1.0919172157 0.0 0.0167198872979 0.0239654956036 0.00761479110386 0.0204261478841 0.330243938158 0.00271742549647 0.0280471841294 
0.0181863105856 0.0 0.0 0.0 0.0 0.0 0.0 0.657373821854 0.0 0.0 
0.00827624774128 0.0520874126941 0.0 0.0 0.0 0.019230678418 0.0 0.0 0.0 0.0 
0.0204958587128 0.0 0.0 0.0 0.00549649554114 0.00622660230284 0.0 0.0 0.0 3.87309363155 
0.00417990944383 0.0026858652643 1.90468011225 0.00319685280765 0.0 0.0 0.0 0.118987376094 0.0 0.0 
0.0 0.0043572415924 0.0 0.0165393179907 0.0 0.0 0.0 0.0 0.00496434303466 0.00316473171335 
0.0 0.0 0.0 0.0 0.00581334357495 0.00415503629214 0.0 10.860461944 0.00288539321815 0.0 
0.0 0.0 0.0 0.0199601851846 0.0 15.5817909897 0.0 0.0 1583.73358274 0.0 
0.0 0.0 0.0 0.0 0.612982908932 0.00557874432905 0.0037011374271 0.00520796034025 0.0 0.0 
0.0 0.02534930722 0.0 0.0 8.25309331419 0.0113430238769 0.00279859436488 0.0 0.0 0.0 
