0.0 0.0 0.0 0.0 0.46742308924 0.0 0.0 0.0 0.00667195454493 0.00313727950421 
0.0 0.0 0.0507683405953 0.0 0.0 0.00569678941338 0.00799298454508 0.00498270774929 0.0 0.0 
0.0118980410413 0.00238915111744 0.0 0.0 0.00350673276439 0.0 0.0 0.010687527025 0.0 0.0 
0.0115059520617 0.0 0.0055131440669 0.0 0.0 0.0102517304275 0.0 0.0 1429.91279412 0.0177591884778 
0.0 0.0206394669184 0.0 0.0 0.0 0.0 0.0 911.110771994 0.0 0.0 
0.0240250648461 0.0 0.0 0.0 0.0 0.0 778.696464728 0.0 0.00702155545568 0.0 
0.0 0.0 0.242847428264 0.0 63.4835211453 218.738838989 0.0 0.0 0.0 0.0 
0.0 0.0 0.00271614473224 2.45690754573 0.0 0.0 0.0 0.0 0.0 0.0 
0.0 0.133326103434 0.0 443.602113125 0.220296217508 1424.28152364 0.00455674625595 0.0 0.0 0.0167884212572 
0.0 0.00265258174645 0.132238316798 0.00294888828654 0.0161394012737 0.0 0.715846776722 0.0 0.0 0.0 
