0.0 0.0 0.0285424173219 0.0 0.00380723796304 0.0 0.00986371587008 0.0 0.0 0.0 
0.0101179617483 0.0 0.0047094343928 0.0 0.00761108193017 0.00390054540157 0.00587866062952 0.0 0.00328385353489 0.0 
0.0 0.0 0.0 0.0 0.0 0.2753344098 0.0024206014361 0.00932814326866 0.0 0.115321551376 
233.312877679 0.0 0.0 0.0 0.0025028947531 0.00515090163803 0.0 0.0 0.0 1656.6072177 
0.0973991618043 0.0 1948.49263827 0.0 0.0 0.00632958655177 0.0167522198715 0.00280928659675 0.0 0.0 
0.702960455715 0.0154789049879 0.0 0.0 0.0 0.0 0.0 0.0 0.0 0.0 
0.0 216.38395154 0.00374801748494 0.0158310449243 0.00910975240544 0.0125226968606 0.0 0.00676298838642 0.0 0.00595130032856 
0.00771425917453 0.0 0.0141656554856 0.0 0.0 0.0845602799111 0.00497578915716 0.0 5.28885875292 0.00415556583704 
0.00508455465119 0.0150890242346 0.0146184824102 0.0 0.629123635288 0.0176757865361 0.00438266143054 0.00919064701749 0.0 0.00535721477792 
0.0 0.00749565240704 0.0 0.568982778042 0.924445979681 0.0 0.0 1.74269481418 0.00574449003663 0.0 
