0.0 0.0 0.0 0.0146959823644 0.00626548707534 0.0 0.0148882220299 0.0201203194693 0.0128301112888 0.521766787456 
0.0 0.0 6.83163528056 0.0 0.0 0.0140698114839 0.0 0.0 0.0101361856079 0.0 
0.0 0.00292156718259 0.0 424.524846537 0.0 0.0175851795874 0.0164859786554 0.00380019275391 0.0 0.00497163882146 
0.0 0.0 0.0 0.0 0.00295992989628 0.0 0.00640803897464 4.54283169609 0.0 0.265472651667 
0.0 0.0118442975875 0.0 0.0193153497971 0.0 0.00569342799393 0.0 0.00763388977517 0.00439814587657 0.00650808895755 
0.00339492561481 0.03674724584 5.78972727732 0.0133605026133 0.0 0.0 0.00303872768599 0.0108623849517 0.00924995783303 0.0 
0.00272397604642 0.0 0.00842416243853 0.0 7.07757235396 310.879732486 0.0 0.00535787705549 0.00604539407997 0.0 
0.00418338610032 0.252551989356 0.0 2.35163152211 0.0 0.0 14.2695765359 0.0 0.0 0.0 
0.0 0.0 0.0 48.5919046023 0.0 0.0 0.0 0.0 0.0 0.00636551298138 
0.00353662015454 58.2164379746 0.0 0.0 0.0 178.176687752 0.0 0.0 0.00256542611323 0.0 
