0.0 0.0 0.0 0.0 999.979643663 0.0 0.00311321015396 0.0 0.0 0.00302352976308 
0.0 0.0 28.3679232761 0.147211925443 0.00371060429408 0.0 0.00408352022174 0.144324712909 0.0 542.083086994 
5.69191495144 2.72950431056 0.0 250.624749449 0.00632520346474 0.0132761243741 0.0111692795293 0.0 0.0559022335141 0.0 
0.00376638328894 0.0 17.2392475489 0.0 1681.07310683 0.0322363191426 0.0 0.00405946024528 0.0 0.0 
0.0100665874445 0.0 0.0 0.0 0.0 0.0 0.0 0.0298431451986 0.0 0.69103298712 
0.00504531556575 0.0178825912488 0.00328730508692 6.27179621361 0.0 0.0 0.00842934196485 0.0182722486736 0.00551631229831 1705.49570849 
0.0592860387383 0.0 0.0 0.0580832073213 0.0545041880065 0.0154563602655 0.0 0.0 0.0 0.0 
0.0 0.0 0.0672359380377 7.37046785982 0.0 0.0112692349991 0.00236817493169 0.0 0.0299491406591 0.00777846873475 
0.0 0.00701654038448 0.0 284.074406008 834.766702301 0.00303883492345 0.0145462184603 0.0 0.0 0.0 
0.00229663401991 0.0 3.82204700094 0.00365047125029 0.0 0.0 828.771607286 0.0 0.0 0.0 
