0.0 52.8964672873 0.0089302060705 0.0 1.21389311959 0.0 0.00921654970396 0.0 0.0 9.68929141548 
0.00360392650069 0.0 0.00349581363588 0.0170868142549 0.00621330308312 1982.87409472 0.00235561563834 0.0 0.0 0.00336478494402 
196.913270808 0.0 0.0 0.0 0.390244952425 0.00601887617036 0.0 0.0 453.450724272 1156.53338696 
0.0 0.0 0.0 0.0 0.041686001417 1.48584152832 0.0 0.0 0.00762875769128 0.0 
126.886833032 0.0 0.0 0.632545054041 0.0 0.0 0.0 0.0 0.0 0.0 
155.661370875 0.0 0.0 0.0 0.0 0.0 0.0 0.0104369218391 0.675377171298 0.0267025462202 
0.0 0.0 0.00309366343794 0.00328300474882 1.14490947097 0.0 0.0 0.0 89.3543750387 0.0 
0.0 0.0 32.08614027 0.0 0.0071958145487 171.626305921 0.0 0.0 0.0 1.24424204009 
0.00315015919542 0.0177766160904 0.00885476089792 0.0 0.0 0.00556423319253 0.0 0.0 0.0 0.0 
0.00227518363305 110.127896608 0.00239294544949 0.0 0.0033647926366 0.0152001460131 0.0 0.0 0.0 0.0 
