0.0 0.0428173068053 0.0 0.0151306144768 0.0 0.0 0.0 0.0 0.0 0.00259109155269 
0.00273080016942 0.0 5.65163267571 0.0192401872684 0.0 6.43336729738 0.00374317316728 0.0253769172831 0.0 0.0 
0.0 0.00233888479019 0.0 4.95293847231 0.0 0.0 0.0 0.0149283286783 0.00224629797044 0.00260802659896 
0.00400556599446 0.0 0.00389516313971 0.0 0.0050783162565 0.0729679812956 0.0 0.0 0.0 0.0 
0.0193150878051 0.0 0.0122492118019 0.0 0.0 0.0158060058866 109.688036291 0.0 0.0 0.0132140151068 
0.0 0.0 0.0 0.00975193882897 0.37115070045 0.0 0.00625545555805 0.0 0.0 0.0 
0.00684968454514 0.0129927346657 0.0 0.0 0.00785196709426 0.0195757765462 0.0 35.3912129108 0.0 3.63000597686 
0.0142365465047 0.0 0.0 0.265298705709 0.0 0.0 0.0 0.0 0.00372332298092 0.0 
0.00320852941568 0.01267079272 0.0 0.0 0.00484508042892 0.0 33.8925870287 0.0 0.0 0.0 
0.00225251370305 0.0 0.0 0.00474204355905 0.0 28.5022575988 0.0 0.0 0.00251945760665 0.0 
