0.0 0.0 0.00537830518512 0.0 40.0317217724 0.00583579760737 0.00967017138951 0.0164595186662 0.0 0.00851695553209 
0.0 0.0 0.0 0.0 0.00283167996658 0.0 0.00815074762989 0.00227481533424 0.0111526794597 0.0180721759648 
0.0 0.0119665475213 0.0 0.0 0.0144456485374 0.0192355479717 585.597601558 0.0197847993812 0.0 0.00242702550447 
0.0 0.00373966457477 0.0 0.0 0.0 341.915734566 0.0183048502284 1.75076347398 0.0187834093259 0.00477839419094 
0.0 2.36933105063 0.0 0.0 0.0 0.00252443241656 0.0 0.0 0.0 0.00828428081895 
455.818594879 0.0201470993128 0.00468128395498 320.337190825 1082.05059016 0.0 0.0 0.0 0.0 0.00321704643343 
70.5774591194 0.0029340052734 0.00474804657661 0.0106566581064 0.0 0.0 0.0 0.00386760554597 0.0 0.0 
0.0 0.00287354336124 0.0 2.27316513268 0.0 0.00999174556208 0.0 0.0 169.139094758 0.0131932149166 
0.638869077191 0.0 0.0198838394714 0.00727366143131 0.0176373176859 0.0980656531632 478.035380955 4.04217718519 0.0 0.0118150885477 
0.00235543200436 0.00698921429539 0.0 0.0 0.0 0.0132801783633 0.00436501857398 0.0 118.442208737 0.0 
