0.0 221.686336584 0.0 0.0 0.0114255148 0.00831655682825 3.13566670363 0.0 0.00268386183798 0.0 
0.479959148994 0.0 0.0 0.0154071834476 0.0 6.18213498213 0.014984574542 0.0144870422145 0.0 0.0 
0.00382508206763 68.4578626541 0.0 0.0 0.125901979442 0.00376058372368 0.00437126970291 0.0 0.00367642513081 0.0 
0.0 0.00368859437284 0.00938455110513 0.0 0.0206342443585 0.0 0.0 0.0 0.0 0.0 
0.00522888374038 0.0132838891713 0.0 0.0 0.0 0.0169100729422 0.0 0.0 31.6874526445 0.0 
41.5060971469 0.0133063835054 587.052861796 0.0 0.0 0.0 0.0 0.0178773656697 0.0 0.0503581974693 
0.0 0.0 0.778014553849 0.0065985802113 0.0 0.0 0.0 0.0 0.0 90.7829374581 
318.323176988 0.0197603677793 0.0 0.00688247573758 0.0 0.210120626001 713.847471658 0.0 0.949177208462 925.337122389 
0.00748215606961 0.020677099405 0.0 0.394096944485 0.00224836394072 1836.6623796 0.0 0.0 0.0 0.00316925497617 
0.0 0.737994912738 0.0 0.00768951654034 0.0 0.00747588260877 0.0 0.00264734165237 0.0 0.0 
