0.0 0.0125574243594 5.39997923638 0.0199268480716 0.0 0.0 0.0046270200289 0.0 0.812972919357 0.0 
0.00273633872691 0.0 0.0 0.0 6.44697139487 0.00302996966659 1885.06121155 0.00846167915209 0.0 41.8345516503 
0.0 0.0106176320622 0.0 0.0 0.00534489502249 0.0 0.0 0.0 0.0 335.319930571 
0.483231524296 0.00551477704817 0.0 0.0 0.00732508036261 0.0312846353838 0.00660591943217 0.00348118115367 0.0 0.0 
0.00885729041723 0.0 0.0 0.0 0.0 0.011813189945 0.0145357067964 0.0 0.0 0.0 
0.0713963306947 0.0 0.0 0.00768033923663 0.00423783287754 0.0 1.21494989794 216.394197863 0.0 0.0065689307436 
31.5034680956 119.830699061 0.0 0.00724493030528 1.6122180569 387.769751296 0.0 0.0171508958285 0.0353180758512 0.394692979053 
0.0 0.0 0.0153160143371 91.001045268 0.00820744304259 0.0 0.00272961084043 0.0 0.0 0.00325218342439 
0.0 0.0 0.0 0.285790093373 0.0 0.00785799293293 0.0913363237496 0.0 0.0 0.0 
0.0 0.0 0.0 0.00274414710448 0.0 0.00349543542328 0.0 0.0 8.14438784553 0.0 
