0.0 0.00972597880291 0.00514309669658 0.00569155682308 0.00239755852371 0.00271537605474 0.0 0.0 0.0 0.0 
0.0 0.0 0.0 0.0 0.0 0.0 0.00511171094274 0.00261876579898 0.0 0.0 
127.301244434 0.00632800227088 0.0 0.0 0.0149191588993 0.0 0.0249969062216 0.0 0.0 0.0 
0.0 0.00746493296384 0.0 0.0 0.00897169283082 0.00574853123098 0.0 0.0 0.0 0.0 
0.0 10.9065300009 0.0150022077273 0.0493139687708 0.0 0.0 0.00894392455819 0.002787446993 0.0 0.0155604325061 
0.0 0.00752780139254 0.0134334424633 0.0 0.0 0.0 0.0 0.0 0.184532948742 0.0126167069683 
0.0 0.832562748644 1.5732109064 0.0190249969472 0.0 0.0138762240927 0.0 0.00728317077383 0.0 0.0122667004762 
0.0 0.0 0.0364372683974 0.0 0.0 0.526941596555 0.0 0.0 0.0 0.751004330691 
0.0027917742231 0.0 0.00294643806138 0.0105805708025 0.0 0.0 0.0 0.00925928995364 0.0 0.0228826435343 
0.0 1847.14325935 0.0 0.00242700298427 287.945800717 0.0 0.0 0.0 1179.81465456 0.0 
