0.0 0.00625598069668 0.0902069150499 0.00381740883061 0.0 0.00551650048498 0.00435208838912 0.0 0.00992023746401 0.00849388702069 
0.0 0.0 0.437511267451 0.496083022434 0.0 2.35348431124 0.0 0.00469925183493 0.0 0.0 
0.0 0.0 0.0 0.0184523297139 4.28300993028 253.413129404 0.0 0.0 1.10613515737 0.0 
0.00242191358706 0.0104359914141 6.23073689122 0.0 0.0158271984338 0.0060572362537 0.0 0.0 0.0 0.0 
6.01269565164 0.0163307325926 0.0 0.0 0.0 0.0 0.0 0.00558607315969 0.0 0.0 
0.00547561495637 0.0 0.0 0.0 0.0 0.0 0.0 0.0 0.00377887411193 0.0 
29.5467970149 0.00341888507338 0.0123609062961 0.381317807078 0.0 0.0 0.0 0.00778859589611 0.015624465473 0.00550182723441 
32.9123220217 0.0 0.0 0.0 0.992607831823 0.00547106206091 142.185249375 0.0 7.97216365603 0.00524303827756 
0.00808552494843 0.0 0.00338375934695 2.61956506642 0.00494180167879 0.0 0.0 0.277036092297 0.0 0.0 
0.0 0.0 0.00357346119631 0.00304899652085 331.725862933 0.0 0.0 0.0 0.0 0.0 
