0.0 0.0 4.69368615828 0.00476153475242 0.00393873807047 0.00754251207349 0.137736914905 499.882771505 0.0172336894312 0.0 
0.00482110703217 0.0 0.0 0.00826173508075 0.0 0.0 0.733975272254 0.0271551640264 0.0 0.0 
0.0 0.0 0.0 0.0 0.0 0.0 0.0138515715893 0.0857083943536 0.00272526498255 0.014343026383 
0.0962065829578 0.0 0.0 0.0 0.0132216657586 1309.7040867 0.0 0.0109031898566 0.0 0.0 
0.0 0.0 0.0 0.0 0.0 0.00366008704769 0.0205864880379 0.0 0.0 0.0 
0.0 0.0 732.913510609 0.00473946009081 18.729351056 0.0 0.0201824570534 0.0109092571396 0.0199543821233 0.0 
0.00356961592652 0.0115236839793 0.0206747115541 0.0 0.0 0.0316618606336 0.0 0.0 339.538230163 0.0 
0.0 3.31087830707 0.0 0.0 0.0 0.00317027219743 6.11272321681 0.0 0.00463009385744 0.0060186024849 
0.00988070433717 297.934728462 0.0 0.0 0.00715229785729 0.0 0.0175361334637 0.00272533588733 0.0 206.281270301 
0.0 0.00563612042441 0.0 0.0 0.0114793574313 0.0 0.0 0.0173350539693 0.0 0.0 
