0.0 0.00382253840171 0.0176213995018 10.8368431838 0.0 0.0107617023207 0.0 0.00632802652479 0.00306501328035 0.0 
0.0 0.0 0.0 0.0104985493673 977.875135588 0.0 0.0 0.00917265784073 0.0 0.00459468861914 
0.396010402433 0.0146459224232 0.0 0.0 0.0 0.00932361513063 0.00477033938008 0.00764529182828 0.0 0.0124790270332 
0.0 0.0384285464393 0.0 0.0 0.0 0.0 0.112614681505 0.00365698484221 0.00611783140179 0.0 
0.0 0.00289958000223 0.00244315345776 0.0 0.0 0.0530849349444 0.0 0.51812744415 13.760128179 0.0 
114.579625271 60.6287749997 0.0 0.0 0.0510023924283 0.0 0.0 0.0518268934803 0.0 0.00576183307253 
0.0 0.0 0.0105933376054 0.00296239501962 0.0 0.0 0.0 0.0 0.0 0.0 
0.0 0.0 0.0 0.0 0.0 0.0118978102511 0.0 0.0 0.0176119748242 0.00356218114395 
0.0114209612847 0.0129309367565 0.0 0.00861375623504 0.0 0.366023307477 0.0115505664862 25.5871136469 0.0 0.0 
0.0 0.0126349041039 0.0 1.7203439798 0.0 0.70249251047 0.0 0.0 0.030418240944 0.0 
