0.0 0.0186026385061 0.0 0.0 21.1247463106 0.0 0.00380672425101 0.00826571298384 0.0 0.0 
0.0 0.0 0.0 0.0 0.0030090649481 0.0 0.0 0.0 0.0 0.0 
125.032061909 0.0 0.0 0.0 0.0 0.0 0.0 0.0 0.0 25.5558742209 
0.0 0.010188366271 0.00292792015968 0.0 0.0 0.0 0.0 0.0 0.0 0.0 
0.0 0.0 0.0 0.0 0.0 0.0 229.162439476 259.345698727 0.0 0.0 
0.0 3.02651743874 0.0 1140.13096939 0.0 0.0 0.0 0.0 0.0 0.00287351134283 
0.0 0.0 0.0117226623023 0.0 0.0 0.0 0.0 0.666008580879 0.0 0.0 
0.00912911307446 504.129633833 0.00260718074299 0.0142429508913 0.00531823816931 0.0210582355112 0.0 0.0 0.0 0.00305736655808 
0.00566055942833 0.0 0.00440628199146 0.0 0.0 0.0 0.0 0.0 0.0 870.974326642 
0.0 0.0 0.0 0.0 0.0365249903462 0.00231069175507 0.00879839111729 14.5167585332 0.00932483511889 0.0 
