0.0 0.00390029239196 0.0275971078081 0.408087763386 0.0141715089724 0.0 0.00609594285252 0.0129123924792 0.0 0.0 
0.00528830077953 0.0 0.0 0.0125762230722 0.0 0.00897700555865 0.0 0.0 0.0 0.0 
0.0 0.00466568696537 0.0 0.848015895918 0.00525321076336 0.0 4.5166748636 466.875113952 0.0 255.772735849 
0.00503710127844 0.0 0.0 0.0 0.0 501.612141488 0.0 4.03842228422 0.0126561487346 38.8275914281 
0.00657379481753 0.0 0.0184871585935 0.0 0.0 0.0 0.0 0.018014978022 0.0 0.0 
0.0 0.0 0.0 0.00272252774975 0.0 0.0 376.386651251 0.00472309543649 0.0 0.00508073388861 
1747.02181851 0.0 0.0 0.0 0.00404412959047 13.0921064681 0.0 0.00305518055344 0.0 0.00949963137618 
86.5455608475 0.00778835716549 0.0 0.00426141006354 0.00531796260364 0.00660615308497 0.0 0.0 0.00328567479568 0.0 
0.0132534764776 0.0 0.0107474460341 31.2451826011 0.0 0.0 0.0 0.0 0.0 0.00548581207865 
0.00261978710676 0.0 0.0 0.0 0.0 0.0 0.00952318545225 0.0 0.0 0.0 
