0.0 0.0 0.0 0.00233595438463 0.0 0.0 2.24612520021 0.0 0.0105411842711 0.987758368296 
0.222739241575 0.0 0.0 0.0 0.0 183.813705765 0.0174581329082 0.0 0.00612043126025 0.00229790864277 
0.00611499029597 0.00272559697424 0.0 0.0624935637081 0.00353249023578 0.0 0.0 0.00871358708311 1.35729802752 0.00333228497162 
0.0 0.00250300630471 0.0 0.0 0.00568148884443 0.0 1.45642989388 3.30096059652 0.0191673463388 0.0 
0.00978789897872 0.0 0.00512923747606 0.0 0.0 0.00666919158327 0.0 0.0 0.0 0.0 
2.14702274651 0.262127475651 0.0 0.0 0.18178925564 0.0 0.00521946211452 0.0 0.0 3.68752206412 
0.0 0.0 9.4468084113 0.0107089466792 0.00309236679285 0.0 0.0 0.0 0.0 0.0 
0.0 0.00585043169132 0.0 0.00574528930607 0.0100269358316 6.8411543156 0.016811505284 0.0 0.0 0.0125206540721 
0.0085785780643 0.0 0.0 0.00275534785589 0.0 0.00783294211809 0.0 0.0075644322541 0.0 0.0113762328413 
0.0 0.0 0.00279879062442 0.00853748913515 0.0 0.0119492961855 10.4503483857 0.0 0.00667610084898 0.0 
