0.0 0.0 0.0122290280108 0.0 0.00360682389589 0.0 0.0 1.75804741904 0.0118066657565 0.0 
0.0 0.0 0.0 0.0 0.0 0.00271959305525 0.0 71.572904913 0.0 0.0 
0.00578892546873 0.0195155511753 0.0 0.0 0.00589107058005 0.0 0.0 0.55438758665 0.0 0.0030658977179 
17.7758103906 23.0414366525 0.0 0.0 1631.62755816 0.0 0.0 0.043066163818 0.00285829639257 822.523950692 
0.0 0.241351093185 0.0 0.0 0.0 0.0 0.0173653414336 13.8602790733 0.0123225283728 0.00729622978858 
0.0 0.0 0.0 0.0 0.0 0.0 0.0 13.8281869539 11.963142779 0.0 
119.164376733 0.0 0.00738269997674 0.0 0.00392265439884 816.594578747 0.0 0.0130125458042 0.00877755302097 0.00739974455473 
0.131013348108 0.0 3.93119851251 0.0118559948907 0.0110201523702 0.0 0.0193495517642 0.0 130.268726543 0.0 
0.0 0.00936837426838 0.0332194278164 0.0355153190642 0.0 0.0 0.0139567486234 398.157918535 0.0 0.0 
0.0 0.541305263641 0.0 0.0 0.0 0.0 20.0569538468 0.0 0.0 0.0 
