0.0 0.0 0.00274538959413 0.0540403044614 0.0 1.18164425325 0.0 795.697390114 0.0 0.0 
26.3098981371 0.0 0.0130498332518 0.0 0.00589941910759 13.0563628226 0.0 0.0 0.0 22.7147953543 
0.0078967346856 0.0 0.0 0.0 1.12392232988 0.0 0.0 0.0 0.061555731912 0.278617379455 
0.502971081799 0.0183774912189 0.107301913905 0.0 0.0 0.0 0.0 0.0 0.00471795537849 7.37053171645 
0.0179581915803 0.0116417308046 0.0174462849367 0.0 0.0 0.0 0.0 0.037850414105 0.0221266116516 344.574660172 
0.00288409152848 0.0 51.4386587012 0.0 0.0 0.0 598.905496288 0.0 0.0 0.00498922474287 
0.0508190090188 0.0 3.20782706854 0.0998713692382 0.391407119687 0.0 0.0 0.0 0.0 0.0 
0.0 0.00604324769774 0.0 0.0 0.0 0.0208523723968 0.00271441577417 0.0 0.0 0.0 
0.142605962627 0.0 0.0 0.0 0.0290649749691 0.0 0.0 0.0 0.0 0.00457822134183 
0.0 0.00413331703846 0.00888362726416 0.00620167792902 0.0 77.5744003449 389.827033748 0.0 0.0 0.0 
