0.0 0.00261437601342 0.0 0.0653980767764 0.0 0.0 0.0 0.00451927141494 0.0152373408843 0.0 
0.0 0.0 0.00552414541517 0.0 0.0 0.0203109535263 245.630060306 0.00661564521015 0.00290761046367 0.0 
0.0 0.0187102687578 0.0 0.0 0.0 0.0 0.0 0.00533329305319 0.0 22.4116471216 
0.189685030356 0.0 0.0 0.0 0.0 0.045474247678 0.0 0.0 0.0 0.0181326348611 
0.0 21.1945317376 0.0 0.0058134759567 0.0 0.0 0.00713130070153 0.0 0.0 0.0 
0.0 0.00358530370478 1234.13225157 0.0 1.87991853241 0.0 0.0 0.0 0.0 0.0 
0.0 0.0 0.0 0.0 2.5533279321 0.00417990644345 0.0 0.0154764359223 0.0 0.011690151766 
0.00959132112321 0.0172861305311 0.0 110.012642152 0.0 0.0 22.7541130987 0.0 0.0 5.07574492604 
0.0 0.0 0.00247870992682 0.00322418008822 0.00819036255367 0.00641024928012 0.0 0.0155334624108 0.0 0.00250923170367 
0.0 0.00419734506668 0.0 0.00314556092892 0.0 0.0 0.0 0.00758832597157 0.0 0.0 
