0.0 0.00401324705018 0.0 0.00441785610082 0.014920683282 0.0 0.0 0.0120644215543 0.0 0.0149576397156 
0.00658049246566 0.0 0.00809930926689 0.0 0.00261812982948 0.0 709.684199366 0.0 0.0181049553799 0.0 
0.0 0.0 0.0 0.00756764841038 0.00804232893192 0.0027366817133 0.0 0.0 0.00663356370244 0.917134505208 
0.0387489828003 0.0 0.0 0.0 0.0 0.45431137525 0.0114829159946 0.00491982070022 0.0 0.0 
0.0 0.0 0.00914587735731 0.0161941922919 0.0 0.0143258380148 0.0613250543 0.0 0.00346033893487 0.0 
3.30405638988 0.0 0.0 11.9018489842 0.016281641493 0.0 0.0 2.23072181619 0.0 0.00351638247708 
0.0 0.0110098584019 2.10200105107 0.0 0.00301223291247 0.0102382840071 0.0 10.666261118 0.00237945350747 0.0 
0.0 0.00577200498581 0.0369355598889 7.72243462676 0.0141600980648 0.0 0.0134294431031 0.0 0.253388025317 0.0 
0.0 0.0 0.0 0.0 0.0 0.0120125808166 0.00249779562038 14.4096117635 0.0 4.13581759058 
0.0179874433067 0.0194866680595 0.0 0.267237472403 0.0 0.0 0.0165770628215 0.0147397333441 0.0 0.0 
