0.0 0.00649549667432 0.0 0.00926836800868 0.00977882252657 0.0 0.0 801.103148151 0.0 0.0 
173.54646393 0.0 0.0027145758489 0.00702711231677 0.0 0.291796554044 0.0 0.00955707262659 0.00522970266695 0.00446753320266 
0.0 0.0 0.0 0.0 0.0148794725099 130.278264818 0.0 0.0 0.0 0.00271304452244 
0.00579478784834 0.373895129711 0.0 0.0 0.0 0.0 0.0343250838706 206.001988425 0.0 0.0 
0.0069079919823 0.00718743131729 4.23313633911 1.37774420424 0.0 0.0 0.0120621236922 0.0 0.0 0.00662276610425 
0.0 0.00477519082565 0.00484992549283 0.0046529344947 0.0 0.0 0.0 0.0 0.0 0.00706142765955 
0.00228539748685 0.0 0.0 0.0 0.0 0.0 0.0 0.0 0.0 0.00709629372632 
0.0 913.105840328 0.0 0.0 0.0 0.0 0.00698467718867 0.0 0.0 25.4443487427 
0.00387507349108 0.0245430116593 0.0200802474081 0.0 0.0276079273163 0.0 0.0 0.0 0.0 0.0 
389.931592795 0.0 586.389501551 0.00442448000661 0.0 0.0119066863282 0.00364753002328 0.0 0.0 0.0 
