0.0 0.0102951186482 0.0 144.856605276 0.0 0.0 0.00681292905412 4.77326444541 0.0 0.0 
0.0 0.0 0.0 0.0027547745825 0.00511586513405 0.0 0.0 0.00628604006944 0.0028110396204 0.00957756627475 
0.0515415018465 0.0 0.0 0.0 0.016391945812 999.566598274 0.0 0.0 0.0 43.3547803528 
0.0 10.7485972112 0.0 0.0 0.0 0.0 0.0 0.0 0.0 303.214546136 
0.0115836558806 0.0 0.230825851909 32.9462066983 0.0 0.0 0.00419998198773 0.0 367.624514279 0.0 
901.784094179 0.00455997233906 0.011251268918 0.00237503446103 1389.01743065 0.0 0.0 0.202622259857 0.00745057708402 0.0 
0.0 0.0 0.00259428880389 0.00239880008476 0.0139584875186 2.40910981902 0.0 0.0 0.354718878477 573.351879342 
0.0118190060823 0.0168702292078 0.00610052515187 0.0 0.0 0.0354231851447 0.0270993238992 0.0 0.00599640107492 0.00834756583533 
0.0 0.0148931900181 511.138706768 0.0 2.06679599922 0.0 0.0 2.93965053645 0.0 0.0 
2.72784386866 0.0736801203927 0.0 0.00307111781843 0.0 0.00350908403159 0.00701540288936 0.0 0.0048070489337 0.0 
