0.0 0.0 0.0 0.0 0.0025803340158 0.00306660006352 50.5023411744 0.335572310626 0.0 0.0 
0.00235978140295 0.0 0.0 155.310146034 0.0212224858812 0.0 0.0 0.00403029222921 0.0104820427245 0.0 
0.0 0.00520122091716 0.0 0.0 0.0 0.00307544984258 0.0159697715252 1668.05510067 0.0 0.00250854573493 
0.0 0.0 0.0 0.0 0.0 0.0 0.00578155053148 0.0 0.00508089905048 0.0 
0.0142032481724 0.0 0.00629688134873 0.00268513254394 0.0 0.0 201.449949699 94.0276077297 0.0 0.0 
0.0 0.0 4.78285000829 0.00420225361763 0.0 0.0 0.00368447418092 0.0 0.00251460776377 0.0 
0.00234101860783 0.240969159824 0.0 0.0 0.0 0.0 0.0 0.0 0.0 0.016608056239 
0.0137902919233 0.00384027712695 0.0 0.0117182474302 0.0 116.22123796 0.0 0.0 0.0 0.00540104735304 
0.0 0.0 0.0 0.0 0.00396301994405 0.0 0.0 0.0 0.0 0.00745191953582 
0.0038257480561 0.0 0.00744449133795 0.0 0.00959805015139 0.0 0.0 0.0 0.0 0.0 
