0.0 1406.65572534 0.00322834688223 0.0 0.0 0.0 0.020398238475 169.198126475 0.600447874101 0.00314411101073 
0.0 0.0 0.585602154791 0.00490201407165 0.0 0.845134496375 274.255844145 0.0 0.0 0.0 
0.292884505573 0.0 0.0 0.0 0.0 0.0 0.0 0.0 0.0 3.56607200017 
0.0 0.0349795605509 202.636502325 0.0 0.0 0.0191519869823 71.1329560196 0.0193264373917 0.00267346373354 0.0032620444135 
0.0 0.0 0.0 0.0039971598577 0.0 169.245295008 0.0796412406826 0.0 0.0162608330254 0.0655664700561 
0.0 0.00332431129114 0.00657144751679 0.0 0.0 0.0 0.0 0.0 0.0 0.0 
0.0138614133303 0.0 0.0 0.0 0.00268021637388 0.0 0.0 0.0 0.0 0.00322606511871 
0.00346211339601 0.0 0.0303096104231 0.0198710674125 0.0 0.982025479056 0.0 0.0 0.0964507194768 0.0 
0.00382193154046 0.0143077418795 0.00888669662067 0.0 0.0130177955488 0.0 0.0 0.0 0.0 0.0 
0.0 0.467213874154 0.0 0.0 0.0138225196285 0.0 0.0 0.0 0.0192587380643 0.0 
