0.0 24.9806845945 0.00596173949205 642.223487257 0.0 0.0 0.0 0.0 2.23988468553 0.0 
0.0 0.0 0.0 0.0862734858609 0.0100409032925 0.0 0.0 0.0 0.406037644393 0.0 
0.0 0.0 0.0 0.00262308380238 0.0 0.0 0.0139981102957 0.0 0.0 0.153175942671 
0.463774695631 0.0 0.0 0.0 0.00302380888702 0.0 0.0 0.0 0.0 0.0 
0.00231092035811 0.0 0.0 0.0 0.0 0.0141206464331 10.9560044542 0.0 4.20169767887 26.5006349927 
0.0141445235374 0.0114067646407 0.0 0.0537772210601 0.0 0.0 5.96054564301 0.016462588008 0.0 0.00558938203575 
0.0 0.0 0.0 10.7396611159 0.00285042251368 82.1810022207 0.0 442.212177012 0.00824726363502 0.00379222727405 
0.0190453082224 0.0 0.0 0.0118028552203 0.0 0.0 3.87738089945 0.0 0.0144232910511 435.545782752 
0.333279224646 0.00463320933227 0.0 0.00658773086903 0.0 0.0 0.0125496246262 0.0 0.0 0.0 
0.224378664937 0.0241401884316 0.0 0.0 9.70383308377 0.0102896309985 1.27877035746 0.204898424594 0.0 0.0 
