0.0 0.0047781576464 0.0 0.0142915930973 0.0103124832477 0.0 0.0 0.0 0.0 0.00673794746221 
8.19767574392 0.0 391.2307686 0.0 0.0 0.0 0.0 0.00412687290684 0.00293352159736 1.99539636143 
0.00593264496755 0.0 0.0 0.0 0.0 0.0 0.146982527685 0.0135687042916 0.0 0.00454451759264 
0.0 0.0139027973956 3.30498838796 0.0 9.79763797861 11.168429252 0.0 0.264039404702 0.00422937816215 0.0 
0.0 0.0140265186357 0.0 0.0 0.0 0.0 0.0 0.0185140942223 0.0 4.1973478538 
0.0124370686066 0.0 1554.13504193 0.0 0.0158130124819 0.0 0.0 0.0 0.0 0.0 
651.114879751 0.0 0.0 0.00337538034666 0.0 0.0 0.0 0.0 0.0029322155676 0.0085685246537 
0.00587437363868 0.0 0.00524044813409 0.0 133.065135744 0.0031680591703 0.0 0.0 0.0 0.0 
0.0 0.00267731326495 1.11173042199 0.0059715152833 0.00710162817132 0.0 0.00361197215851 0.012964014342 0.0 0.0 
1.70465149531 0.0289776817801 0.0 0.0 0.0 0.00476084870431 1.08633303091 0.00535207951004 0.0 0.0 
