0.0 127.134425775 0.169870592419 0.0388691792449 0.00617212485134 0.00875540117995 0.0 0.0 0.0121392445082 0.0 
0.0118118845915 0.0 0.0 0.00560112447595 0.0 0.0 0.00261131535689 0.0432461695183 0.00236775272761 0.0151250749214 
0.0 0.0259229099653 0.0 0.0 0.0 0.0 1373.41515897 0.0 0.00506741509001 937.364032418 
0.179220520421 0.0 0.0 0.0 0.0 0.00275615280303 0.0 0.0196677803942 0.0 1.2138682478 
0.0 0.0 0.0154480745566 0.0281355260084 0.0 0.0172930505334 0.0 0.0 0.0 0.0 
229.250587764 0.0 0.0034535923441 0.0 0.0 0.0 0.0 0.00936968839642 0.00826089554519 1.41342352162 
0.00643643567855 0.0 0.0 0.00257286202195 0.00336225097505 0.00372174546497 0.0 0.0 0.0 0.0 
0.0 0.0 0.0 617.935652834 0.071288702091 0.0 0.0 0.0 0.0 0.00784541917759 
0.0 0.0 3.38726228884 0.00267991257032 0.0 0.0115828164458 0.00539474635863 0.00310929416377 0.0 1221.25730763 
0.0 0.0 0.0 0.0 0.0 0.00481981132267 0.00275909812642 0.0132772954774 0.0 0.0 
