0.0 0.0488862560156 0.0142192205848 0.00594821604895 0.0 0.00744615763399 0.0 0.0 0.0 1053.27833173 
0.0 0.0 0.0 0.0 0.0 0.0192384406146 0.0 0.0 0.0 0.0 
0.0 0.134881893319 0.0 0.352500821896 0.0 0.0038666042332 0.0 0.00915335625605 0.0 0.0 
0.0119852931747 0.0 1469.1155212 0.0 0.0 0.0 0.0 0.999043739572 0.0 0.0 
0.00343512835752 2.13611197947 0.0 0.0114711331907 0.0 0.0 0.0105204974708 59.083041882 0.00614556156456 0.0 
0.0 0.0 5.64813349405 0.0 0.0 0.0 0.0140832171228 0.0128118163225 764.330477813 0.00543908371309 
0.0165005875925 2.13105930883 0.0 0.0 0.0663498281929 0.0056478009787 0.0 1.14159030273 0.254310458783 0.0 
0.0 0.376343480429 0.00337474057347 0.0189277485547 9.52667166068 0.0 0.0 0.0 0.0 0.0 
0.0 15.9578563264 0.0 0.0 0.0 134.770733395 0.00836566224117 0.0 0.0 0.0 
0.0 0.0 1279.71134064 0.0 0.0 0.0 0.0 0.00458540339363 0.0 0.0 
