0.0 0.0 0.0 0.0 0.0 0.0164552188835 0.0 0.614831014194 0.0175372992792 0.00723156316178 
1435.28137804 0.0 4.76968165525 77.0678523462 1670.83189275 0.00761405592362 0.0175277811805 0.0 0.0 1144.04212147 
0.0 0.0 0.0 0.0 0.0 0.0 0.0 0.0147717897994 0.0154631048978 0.0 
0.0 1244.25879797 0.267901156863 0.0 607.983735196 0.0 0.0155252966135 0.00318295563255 0.0 0.0 
0.0 0.15619864227 0.0 0.0295546840332 0.0 0.0203374963422 0.0 0.0 0.129510509471 0.0 
0.0 0.0 0.0149529687102 0.0185853472902 0.0 0.0 0.00492990743096 0.0 0.0 0.00324888844908 
19.055348663 0.0 501.292694342 0.0 0.00471617256012 0.0150885614561 0.0 0.00973246561127 465.427739738 0.0 
0.0 0.014616288867 84.6959032627 0.0 0.00397846108048 0.0 0.0 0.0 0.0 1.0480181457 
0.0 0.0107599976695 0.0 0.0 0.0543175869614 0.0 0.00650176312011 0.0084317844507 0.0 220.088904573 
0.0 0.0161374346448 0.0309781373489 0.0141413566325 0.0 0.0 198.32148795 0.0 0.0 0.0 
