0.0 0.0 0.0 0.0187405454783 0.0 0.0104667066411 0.0341960685047 0.0 123.403324862 1.41084428042 
0.00581606467477 0.0 0.0 0.0 0.0 0.0616287959687 90.229715647 0.0 0.0 0.00475142155791 
0.0152332241342 0.0 0.0 0.0 0.0 0.0064893692243 0.0 21.6038628124 0.0 0.0 
17.7884945519 0.00320585194473 0.0 0.0 0.0 0.00596266079934 0.0 487.643892189 1244.07518185 0.0 
0.0 0.0143524729194 0.00392151168641 0.0 0.0 0.00230280890701 0.00566276217462 0.0 0.0 0.0 
0.0 0.0 0.290976383429 0.0 4.69373434189 0.0 0.0 4.18945095599 0.00968925400129 0.0 
0.0 0.0 0.00596323695163 0.00473772931308 194.476973134 0.0 0.0 0.0 0.0367855803917 0.00236449343798 
0.0 0.0 0.0 0.015844905533 0.0 0.0 0.00385469085342 0.0 0.0 0.0175040697958 
0.0 2.01984590789 0.0 0.0 0.0 0.00476040853569 0.0 0.0 0.0 0.0 
1.55538996784 739.182038173 0.0 0.0 0.0 0.0 0.0 0.002813788402 0.00799192543056 0.0 
