0.0 0.0 0.0 112.382126655 0.0 0.0 0.0 0.0138061903564 0.00780748498974 0.0023030715657 
0.0 0.0 71.4533303872 0.00802419644949 0.0 1.20790076522 0.0349305589068 0.0 0.0 0.00572259718381 
0.00363238261221 0.0 0.0 0.0 0.0 0.0 0.00668777494163 0.949438194262 0.0 3.42601152544 
0.0 0.0112101067353 0.00341369422793 0.0 0.00495032216572 0.0 0.0 0.0138589908886 0.0 0.0 
0.0 0.0 0.0 0.0 0.0 0.00774910299627 0.0 0.0 2.16866020988 0.00300905440175 
124.724480139 0.0 0.00536397469793 0.0 0.0 0.0 0.0 0.0 0.00439005999685 0.0 
519.373344759 0.0 0.00392086809567 0.0 18.0169743809 0.0 0.0 0.0025878685638 0.0 0.0 
0.0 14.1008916628 0.0188891136493 0.0181333367542 29.1233516133 0.0180467634082 0.0 0.0 0.0 127.132132022 
0.0 0.0209293089484 0.0 0.0 0.0 0.0 0.00355012675838 0.0 0.0 0.0 
35.4228424228 1.09726952867 0.01899036485 0.0 0.0024861472058 0.00926068655301 14.8227554163 0.00360374757259 0.0 0.0 
