0.0 0.0170979215084 1409.98556549 0.0 0.0 941.125282846 0.0504107816087 0.00253107501549 0.00233621953606 135.499424531 
0.00867593789451 0.0 0.0 0.0 5.36454143315 0.0204917956462 0.0 0.117538062643 0.0141873883017 0.505946029061 
0.0 0.0 0.0 0.0 0.0 87.6284798776 118.050827177 0.0 0.0201583677558 0.0185974665179 
1.41334013042 0.0 0.00230159543325 0.0 0.0 0.0 0.0 0.0 0.0 0.0 
0.0 0.0 0.0103144394329 0.00250094366685 0.0 0.0 0.0 0.007584583943 0.0185664902604 0.0 
3.22336469674 0.0 0.0 0.0160443932886 0.0 0.0 0.0 218.255647519 182.54253047 91.3753029295 
0.00770721904456 0.0141873518727 0.00344784305904 0.155565912376 0.00613858750825 0.00669752981517 0.0 0.0147137598158 0.00332945828379 0.0 
728.59893443 0.00773629485726 0.0 760.72270211 0.0 0.0104319767815 0.0821672738476 0.0 0.0 0.0 
0.0 0.0152985120009 0.00454974955205 0.00496374268812 0.00837373310792 0.0 156.373243927 0.0 0.0 0.0 
0.0 0.0 0.0100790474449 1049.43996222 0.00278879441751 0.0 0.0 0.0 0.0 0.0 
