0.0 0.0138131827972 640.415251853 0.0 0.00666335748352 0.0176653766213 0.0 0.00902997171449 41.6497327257 0.0 
0.0 0.0 0.00969069013249 0.013029770853 0.00902612445727 0.0 0.0957855291057 0.0 0.00795237480794 4.36172850614 
0.0 0.00968381274995 0.0 0.0156452486754 0.290719395584 1919.95804255 0.00281122694039 0.0 0.0 0.0 
0.0 0.0 0.00424991406992 0.0 0.0 0.0 0.0 0.00571782037187 0.0 0.0 
905.344996578 0.0163028033077 0.0 0.0 0.0 0.0 0.00510625995145 0.0 0.0 0.0219982462297 
0.00236280999965 0.0243649899755 0.00847062975065 0.0 3.9867639095 0.0 0.167054095094 0.0 0.0 0.0 
0.0 0.0175050220279 0.0 0.0 0.00287317989612 0.00851395505632 0.0 0.0146795381149 0.0087165471273 0.0 
0.0 0.0 0.0054013912415 0.00351807310071 0.0 0.0100506635822 0.00888620156056 0.0 7.76836553888 23.9056973447 
0.0 0.0 0.0022710691881 0.0154072278223 0.0 0.0 0.0 0.0 0.0 0.0 
0.0 0.0 0.0 0.0150465780305 0.00280545488198 4.51455442662 7.17717369727 0.0818194861599 0.0 0.0 
