0.0 0.346394842447 375.141289602 0.0 0.0 0.0 0.0 0.00846094382009 0.0 1.14459102246 
0.0 0.0 5.97083586097 0.00517488466369 0.154141105375 0.0 0.446650531902 0.00262031418755 42.4234235676 499.078996504 
0.0 0.00231571484696 0.0 635.945240656 15.4527762078 1.32274005168 0.0 0.0 0.00462463856023 0.0 
0.0 2.02221904796 0.0 0.0 0.0 0.00701654220147 0.0 0.0 0.0 0.00629727290425 
0.0 0.00238935584389 0.0 34.9320116977 0.0 0.0105914706631 0.0 0.0 0.0038917577917 0.0086359988341 
0.0 0.0 0.0 0.0 0.0 0.0 28.8753463843 0.0 0.0 0.0 
287.524344985 251.464357484 0.0104420078198 0.010306860156 0.0155318466186 690.151875573 0.0 0.012072642164 0.0 0.0 
0.62658779286 0.024925556284 0.00301336204956 0.00406395328056 0.0 0.00306170353546 0.00921293812182 0.0 0.00280906252749 901.855457493 
0.00535583818785 0.0 0.0 0.0125430357682 0.0 0.0 5.61652798412 0.00391396966297 0.0 0.0 
0.00297131322962 0.00313050927175 0.0 0.0 26.8229463207 33.9090921657 0.0 0.0 0.0 0.0 
