0.0 0.627832407178 0.0 0.0186971619331 135.263931739 0.006924417597 0.0120402586627 0.013252229193 0.0117690384883 0.00303050739733 
0.0 0.0 0.00606541624506 0.0151669035699 0.545364520888 15.8916388972 2.49594366987 0.0150095380527 0.0 0.00389309331223 
39.6091556864 0.00653069533426 0.0 1855.26631834 0.0170700282515 0.0 0.0 0.0 0.0414822758486 0.0 
0.0 0.00431128809388 1165.48037325 0.0 0.00568797499562 32.1026687571 64.3018411652 0.0120308512721 0.0 0.0072778559921 
0.0 0.0 0.0110217610635 0.0 0.0 0.0 0.0 0.00970377371493 0.00676632482093 0.0058678736052 
1.36197482487 0.00957534043514 0.0 0.00325208585367 0.0 0.0 0.0 0.0 0.0 0.0 
0.0 0.0 0.0 0.0 0.0 0.0 0.0 0.00321457003914 0.0187071555805 46.0423178688 
22.8590256523 0.428639905151 0.00301482934595 0.106702072869 0.0195668834825 0.00260518490909 0.0 0.0 0.00849782801184 0.0 
0.802023783542 0.0 0.0 0.00716833484352 15.9179990773 73.3551858052 0.0 0.0 0.0 0.00457974833696 
0.0 0.00939427401113 0.0 0.573647300091 0.0 5.75200303078 0.00322167849645 0.0 0.0 0.0 
