0.0 0.0 0.0 0.0188533529267 0.0 0.0 0.0 0.0 1.15699051284 256.608585968 
210.864117971 0.0 0.00948415120927 0.0 0.0 291.078831189 599.727254125 0.0862905973929 1.21324709108 0.0 
0.0 0.0102555140867 0.0 0.0 0.00596175547685 0.00711710320265 0.0 0.0 1.18624552541 1004.94032957 
0.0 0.0 0.0 0.0 0.0 0.00383182196259 29.8278338016 0.0 374.951722615 0.0039258794406 
0.0 2.5084374324 0.00263973125773 80.698965855 0.0 0.0 0.00657353204194 0.0 0.00524219354908 0.0 
0.0 0.0 31.48429592 0.0 0.0128055678248 0.0 0.002404467581 0.0124732829488 0.0 0.00673343409151 
0.0 0.00828065426514 0.0 0.0 3.88567857807 102.298973597 0.0 0.0 0.0 0.00420384234427 
190.108866211 11.3892729805 0.0 0.0 0.0 0.0 0.0 0.0 0.33997548314 0.0 
0.0 0.0121294936547 1003.30369226 0.0 0.013623124481 0.00866425605602 0.0044390710443 444.676037447 0.0 0.0 
0.00706997309613 0.0 0.0150299405349 2.74646839105 0.00469255808548 39.4322896404 0.00243911907623 0.00557343884566 0.0 0.0 
