0.0 0.0 0.0338154954277 0.0 0.00232610882824 0.0 0.0132542491343 0.0 0.0 0.00866137682502 
0.0 0.0 81.6879623315 0.0 0.0546690892095 0.00876181016889 0.0 0.0148310633792 0.0 10.272025924 
0.0 0.0 0.0 0.0 858.564352113 0.00238784416671 0.0 0.0 0.0 0.0137096666715 
0.0 103.463927303 0.0 0.0 15.2448163694 234.271402486 5.57088608695 0.0 0.0 0.0 
0.015781549252 0.00270297216613 0.0 0.0106147783038 0.0 0.0 0.0080560250682 0.00314919150333 0.0 264.978118095 
0.0 0.0 0.664823906788 0.00740427048428 0.00463709116541 0.0 0.00837687196154 1.49575162739 0.329481367006 0.0 
0.0 0.0 729.986340122 1.34528011995 0.0132014579778 0.0 0.0 0.0 0.0590832532599 0.0 
0.0 0.568774921893 0.00263317049527 0.0 0.006008082463 0.0 0.0124752173719 0.0 0.0 727.353458673 
0.0 0.0 0.0189452549916 4.64349412232 0.00551749274639 0.0 48.1657859969 0.0 0.0 0.0 
3.77462902956 0.0 0.00908177028157 0.00590549973497 0.0 0.109828540588 0.0 0.0 0.0102864841652 0.0 
