0.0 0.00235761578763 0.0 0.0899190061896 0.00243511971608 2.3730390884 0.0 0.0 0.00263547881585 0.0 
0.0 0.0 0.0055439824363 0.0 0.505669888506 0.018011172075 0.0 0.00304611569591 0.0105193791497 0.0 
0.00891800313679 0.0 0.0 0.0 0.00486177040191 0.0 0.00588358969885 0.0 2.96555972066 0.0 
0.0196921354759 1.9746490384 0.0 0.0 0.0 0.0 0.00277917300723 591.984865745 0.0 0.0 
0.0248420176236 1.63915384829 26.3000825746 2.66696059436 0.0 0.0 0.0 0.0 0.0205343020875 1.26630453455 
0.0 0.00481753087821 0.0 0.0 0.00458290350951 0.0 0.0 0.0 0.0 462.499367966 
0.0256560885534 0.59849301836 0.0 0.0 0.0 16.8891251787 0.0 0.0 0.0 13.4514517195 
2.97515328549 0.0 0.0247261247689 0.0 0.0 0.0 0.0077887949995 0.0 0.0 0.0 
0.015377878006 0.0 0.0170490763165 0.0122181407794 0.0 0.0 0.0 0.0 0.0 0.0 
0.0 0.0119215607476 0.0 1002.35235353 0.0 0.0 0.00381570767494 2.55808086175 0.0 0.0 
