0.0 0.0039045612058 0.0 0.00401367749135 816.101506496 0.00261846622572 0.0 3.75119716691 0.0205194487235 0.520206521176 
0.0 0.0 0.0 0.668728187019 0.0 0.0 0.0 487.998659326 0.0 1.36677422944 
0.0 0.0 0.0 0.0 0.00512348090454 0.0 0.00611240074009 0.0026035676048 0.0 0.0 
0.0 0.0 0.0395760183191 0.0 0.0 0.0 0.0 463.465689961 0.00235440110216 0.0 
0.0 0.0148445465064 1409.23735858 0.00593262491652 0.0 0.00623520372726 0.0 0.0 0.256119641317 0.0 
58.4340777599 0.0 0.00375675589935 0.0 0.00928911074866 0.0 1.52959217084 0.00360434719953 0.0 0.0 
0.00316284899766 0.0 0.0 0.00567307817399 0.00902631928773 0.240423410032 0.0 0.0 0.0 0.145895105395 
0.0202996603066 0.00478611212854 0.00674391924226 3.41145285843 0.968039185263 0.0 0.0 0.0 0.222302495782 0.0 
0.0031515476975 0.0 0.0 0.0 0.0 0.00366289364168 0.0 0.0 0.0 0.0 
0.0 0.00276438615492 0.0 0.0 0.0 0.0 0.00366394394124 0.0035940183621 0.0 0.0 
