0.0 0.174171291567 0.0 0.00320902451375 0.0080322307436 0.0 62.0302845117 167.629878144 0.0 0.0 
0.0 0.0 0.0 0.00619897255413 0.0 0.00280642493181 0.00304569033584 21.9654577786 42.3756527485 0.0 
0.0 0.00916319417976 0.0 5.04015844149 0.0 0.00475634219939 0.528042200132 0.0 0.0 0.0 
0.0 0.0 0.0 0.0 0.0 0.0 0.00667738505742 0.0350545268313 0.0 0.0 
0.0189369832418 1.74324920781 25.4393040007 0.0 0.0 0.0 0.0 0.0 0.0 0.0 
0.00783076030072 0.0 0.00869774902073 0.0 0.0 0.0 0.0119903969524 0.00364407576661 0.0 0.00795588823368 
7.89459243185 0.0 0.0 0.0 0.00859074085189 0.0 0.0 0.0143069729666 39.6742474265 0.0 
0.0 0.0 0.0 0.019940446892 32.0274821626 0.0 0.00284875516216 0.0 0.119327766567 0.0 
0.0 0.00372023203217 0.0 0.00625426712224 0.00453895080115 3.38131345512 0.0 0.00227733006985 0.0 0.0 
0.0 141.547081138 0.0 0.00449395971019 0.0 0.00609157865945 0.0 0.0 0.00359608575065 0.0 
