0.0 0.119585257112 0.0 0.0 0.00534185886866 0.0 0.00314446157153 0.0 0.0 0.0 
0.0184673330739 0.0 0.00513397573442 0.00502657150253 0.00580925502842 0.0 510.554181074 0.00456002219869 0.00584645040541 0.0 
0.0 0.00425339816411 0.0 159.158309477 0.0102138685369 0.0 0.0326926317172 0.0 0.00456638473645 0.0 
0.0 0.017088090562 0.0 0.0 0.00489938923432 0.0103079355488 0.00451374063356 0.0 0.0 0.00280699768187 
0.0 0.0 0.0389586279101 0.0 0.0 0.0116313409647 0.0085398797478 0.0 0.0187984227743 0.0 
0.0 0.337215586345 0.0143700941842 0.0132306218508 20.4471402512 0.0 0.0 0.0 0.00519089322287 1.31351238083 
0.0 0.0153667154299 171.14507625 0.0 0.0 0.0 0.0 0.00662041121435 0.0 102.869710363 
0.0 4.80400787128 0.0 20.5683907882 0.0 0.0 0.00828293817731 0.0 0.0 63.7381409932 
0.0769807151162 0.0 0.0 0.00326529488052 0.0171177874435 0.0 0.00367231148001 0.00257987438832 0.0 0.00432083575347 
0.00339182824465 0.0 0.0 0.0 1449.01535298 0.00264914271813 0.0 0.0 0.0162611770676 0.0 
