0.0 0.0 0.0 10.9369658792 0.00387531833425 0.00225140691923 13.3448052731 1.60759707848 0.0188249345822 0.0 
0.0 0.0 0.0 0.00521943448975 2.37534701576 0.0107751660618 0.0 0.00258962810984 0.00973254540974 0.0 
0.0121573601721 0.0 0.0 0.00294951100634 0.0 1.16247254668 0.0184964913997 0.0 0.00953670414328 0.00252417639573 
0.0114474191377 0.0160085263768 43.6474358556 0.0 0.013450751249 0.0 0.00251598256476 0.0 0.0866599700025 0.00615447919493 
0.0 0.0198553745416 0.0 0.0 0.0 0.00388278763582 7.82505163484 2.55823748843 0.0111930032161 0.020273090252 
0.0 958.923068624 0.0 0.0 0.00662540502391 0.0 0.00737454339953 0.740296256459 0.0 0.00598732907123 
0.0064309622825 0.0182518877402 233.416784887 0.0 0.0 0.0 0.0 0.0 0.0 0.0103725232603 
0.0 0.0 0.808874657875 0.0 0.048533455417 0.0 0.0 0.0 0.00440837847584 0.0 
0.00516372662483 6.37150332978 0.0 0.00758787353276 0.0 0.0 0.00446091544054 0.0 0.0 0.0 
0.00292724164216 0.0 0.0 0.0 0.0 0.00664628901001 11.6848831386 5.58383592996 0.0 0.0 
