0.0 0.00542095879782 0.0067582689468 0.00648057401069 49.1826631445 0.0 0.0 0.0 0.0157368931046 0.0203040489549 
0.0 0.0 0.787478215616 0.0 0.0 0.0 1981.44529599 0.0 0.183865188615 0.0 
0.0 0.0 0.0 0.00497122201776 4.29335163142 0.0 0.0 0.0 0.0039736629359 0.00250362079634 
0.0 0.0 0.00564057152419 0.0 0.0702241542449 0.0 0.0 1841.29810597 0.0 0.00457678985632 
0.0 0.0041526191572 0.0 0.0 0.0 0.0026296142447 0.227253288973 0.00651202129434 0.00507693904117 1.24177932542 
0.0441919964075 144.306108988 0.0 0.0 0.00303984576962 0.0 0.0 18.4791074012 0.00527905337911 0.0 
0.0121806744999 0.0 0.0 0.0 0.00467557584489 0.163986086271 0.0 19.6846701898 0.0 0.0 
0.0 0.0 0.00746671874586 0.0569810965128 0.00593692466649 0.0 0.00239177352079 0.0 0.0 0.0 
0.0174988077772 0.0 0.0 116.921063938 0.179420735248 0.0 0.0 4.38509793044 0.0 0.0030602734861 
0.0 0.0 0.0140796290349 0.0 0.0 0.0138751943844 2.30232492254 0.0 0.0203544134732 0.0 
