0.0 4.38145314567 0.0 0.0153940801747 0.870704659188 0.0 0.0 0.0 0.263365171419 0.411336533172 
1333.56208094 0.0 0.0 0.00560138125497 1.37621228442 0.0 0.00428824358083 0.0 0.540141433318 0.0 
0.0 0.00716581890059 0.0 0.0 0.0437494422744 0.0 0.0 0.0120437883155 0.00776723075937 0.0106898197734 
1.5384104742 0.0352902435743 0.0 0.0 0.00654702354814 0.809337652838 0.0 0.00734240068131 0.00275300575025 0.0 
0.0 0.0 0.014431710933 2.63240428831 0.0 929.624525691 0.0149237292005 2.07597366735 0.0936785413833 0.0 
0.00926020744362 1.10337003673 0.014653181708 0.0 0.00995016437483 0.0 0.0 0.0 0.012511070419 0.00832585893581 
0.0 0.00640171571841 0.0 0.0 0.0868060818169 13.5739767376 0.0 0.0 0.0160675397804 0.0 
0.0 0.0 0.0 0.0 0.00330461779735 0.395377880504 0.0 0.0 0.0 0.0 
0.0 0.0 0.066098524916 59.5176040368 0.0 0.0 0.00267782918243 0.0 0.0 193.296031828 
114.329610288 0.0 0.0 0.00276738443651 0.00685528224326 0.00281236971273 0.0665613435209 0.0 0.0 0.0 
