0.0 0.00278833640209 0.00917190448651 0.0156433758782 0.00230154653205 0.83196268394 0.0115270205406 0.0 0.0 0.0120096888036 
6.71542235923 0.0 0.0 0.0 0.00833566148352 117.883557253 0.00529239401736 0.0 0.0 0.0 
0.0 0.00647354286355 0.0 0.00368133172396 0.0 0.00505685677689 0.0 11.3331167591 0.0 0.0 
2.59932219315 0.00409426559725 1070.91214767 0.0 0.0189644503064 0.0139015434532 254.718966319 0.0095954625341 0.0 0.0034281396005 
0.0 0.00287726869256 608.214431919 694.682065356 0.0 0.0115059949119 0.0913649311194 0.0 0.0 0.0 
0.0 22.0967943585 0.0 0.202515777124 1148.54734396 0.0 0.0 0.0 0.0 0.0 
124.724213569 0.00264723788019 0.0 0.0110854125897 0.00252062051625 0.00334586882493 0.0 0.0 281.443603257 1.68719463118 
3.00451985318 0.0916580703224 59.4945566351 0.0 0.0174126204173 0.0 0.0 0.0 0.0109894215158 0.0024081557841 
0.0 0.00266449974005 0.0 0.00410819563444 0.0159242783927 0.0162205081767 0.0 0.0 0.0 0.0 
130.299946182 683.527439731 0.0 0.0 0.00256493971868 0.0 0.00641113869309 0.00701462649259 0.0 0.0 
