0.0 0.0 0.0 0.0144381778386 0.831892822651 0.0 69.6097818353 0.0 0.0 0.0 
0.0 0.0 0.0 0.0236451133792 0.0 0.0 3.94854409142 0.0 0.0 0.0 
0.0 0.0 0.0 0.0075328663892 0.0 0.00854196348033 0.0 0.0 1269.75315695 0.0143148992943 
0.00421985691765 0.0 0.00670924826442 0.0 0.00285246797569 0.0107329830531 0.0 0.00775464541899 112.597696559 0.0281592054744 
0.00740632992252 0.0 0.00587141519922 0.00874305557711 0.0 0.0 8.26257356076 0.0 0.0 0.0 
9.75331765307 0.0100925421236 0.0 0.0 3.95150525514 0.0 55.2886109595 0.0 0.0 0.0 
0.00821120999483 3.68808058663 0.0 0.0765891967447 0.0 0.00935850701663 0.0 0.012362999498 0.00611145107144 0.0 
285.476928206 0.0 0.0 0.0 0.00820041198309 0.0 542.118963389 0.0 0.0 0.0 
0.0 0.0 0.0430979748195 0.0 0.00258345901475 0.0 0.0 0.0124703596202 0.0 0.0 
0.00341453318837 71.8708614941 0.0 0.0 0.00658329981476 0.0 0.0 0.353469165745 0.0 0.0 
