0.0 0.0 0.0 118.902262887 494.022669909 0.0 0.0 0.0 0.0 0.00496629624324 
0.0 0.0 0.0 0.0 0.0 0.0 0.00301998914577 0.0 0.0 1438.80683294 
0.0 0.0599027298348 0.0 0.00766172583558 0.0 0.0 0.0 0.0 0.0 0.00699010795412 
0.0 0.00740459257807 0.0 0.0 0.00546027466403 0.00336365979725 0.677021055337 0.00545680410747 0.0 0.0129869690544 
0.0 0.0 0.0 0.0 0.0 0.0 0.0 4.9803158316 0.0 0.00606130053325 
0.0 0.0 0.303702939529 0.0 0.0 0.0 128.546322285 0.00541215567932 0.0956154415646 83.2111432769 
0.00888653687907 0.00818254752948 0.010314300274 0.0 0.0 0.274871089977 0.0 0.0 0.0 0.0 
0.00455778328386 107.497750233 0.0 0.0 0.0 0.0070164111811 0.0 0.0 0.00278819349386 0.518469354717 
0.0 0.00510136631984 0.00402158611165 0.0 0.0183606258015 0.00452211343569 0.0 85.8237523539 0.0 0.0135434467226 
0.0 0.0 0.0 0.00435567312964 0.636254646091 0.00637983850165 0.0129196743273 0.103526349238 0.0 0.0 
