0.0 0.0 0.0 0.00471260025628 0.0061612240353 0.0 0.0 0.00805222502644 0.0 0.00509063974336 
0.00254241981766 0.0 0.0 0.00358664707096 0.0 0.0 0.0 0.0 0.0 9.52077272859 
0.191068574406 0.00246469864189 0.0 0.0291867859162 0.011045419827 0.0 0.0 0.0 0.0 0.0 
0.00421647594008 0.0 0.00806179648836 0.0 0.0 11.1258144287 0.00731916549296 0.00329179541697 0.0 0.0112594029866 
0.0 52.0757939098 0.0 0.0 0.0 0.0 412.344176009 0.0 0.00446763482988 0.0 
11.6126314961 40.0129963233 0.0096903705358 0.0 0.0 0.0 0.0 0.0 0.737794788744 0.0 
0.0 0.0 0.0 0.0 0.0 0.0291999133727 0.0 0.0 0.0 0.0118122598953 
0.00958521863537 0.0 0.483512944442 0.0147951027042 0.0119779908361 0.00360868826086 0.0 0.0 0.0130960589301 0.0141951132277 
0.00522046542508 0.00452660347566 0.00313923657094 0.009757606639 0.0 0.0 14.7108471513 13.4082890448 0.0 0.00853051604971 
0.0 0.0 0.0 4.72857375023 0.00703417820649 0.013837895613 0.00466588973941 0.0 0.00288488002997 0.0 
