0.0 0.00256367350377 96.4317488946 0.0 0.0 0.0 0.0 26.4661387924 0.00985007031343 0.019250698992 
0.0 0.0 0.0114454658446 0.00329433750125 21.6232900025 0.0 0.0 0.0 0.0 0.00282722714707 
0.0 320.060610605 0.0 0.0 0.0 0.0 0.0154043455945 0.0 0.0 0.00252875021006 
0.0 0.00647337547708 0.00842515370668 0.0 770.848996864 18.9790423221 0.0 5.25041212975 0.0 0.0 
0.0 0.00370402516347 34.048393376 0.0 0.0 0.00395569470699 0.00758516108994 0.00872344129312 0.0 0.0 
0.0065707338585 0.0 0.0 0.0 0.0 0.0 0.0136411422761 0.0 0.00454360381789 0.0 
0.0025709176098 0.0 0.00340135786174 0.0189251617841 0.0178403251666 0.0 0.0 0.0 0.0 0.0085772049137 
0.0 877.483299666 0.0 343.190011289 0.0115442200891 0.0 0.0 0.0 0.0 0.0 
0.0 0.0103862966097 0.0 0.00647421550824 0.0 0.00249158138768 1.85988071002 0.00506561526403 0.0 0.00362943050683 
0.00236704001782 0.0 0.0 0.0022865477178 0.00938651885107 0.0123017531021 0.0 0.00336614071905 0.0136816502824 0.0 
