0.0 0.00691375835465 0.108309164202 0.0198822180983 0.0252637404048 20.9502207804 0.0 0.0 0.0 0.0 
0.0 0.0 0.0 13.5518972895 0.0 0.00520345564817 0.0 0.0 125.540519932 0.0 
0.00732454402688 0.0 0.0 0.0 3.03944828528 0.0 0.0 0.0 0.00273037317809 0.00414864885786 
0.0 0.0 0.0 0.0 49.4758637189 0.018166503747 0.0 0.0177831681416 0.00984899446679 0.0 
0.00458222735218 0.0 0.805473181315 0.0 0.0 0.0 0.0 0.00265459900576 0.00317461093908 0.0115559835981 
0.0 0.0 104.430360118 0.0 0.0 0.0 0.0 0.193774376566 0.0 760.088806171 
0.0 0.0 0.0 0.0 0.0324881857739 0.0 0.0 0.00716443856873 0.0 0.0 
0.0 0.0 0.0 0.0 0.0 0.0 490.424281169 0.0 0.00860619862169 0.00345253941569 
0.00615795011385 0.0328401797271 10.249528196 0.0 0.0134944895845 0.0 0.025376861621 0.0 0.0 0.00651384420889 
0.0159745234241 0.478054485442 0.0162723005322 2.7003726144 0.00888778896765 0.0109847129429 0.0 0.0 0.0 0.0 
