0.0 0.0 0.0 0.0 0.0 0.0 0.0 0.00297103483828 0.00531218014068 0.00667223264512 
74.636754616 0.0 0.0 0.00345476323667 0.0 0.00795724803028 0.0 0.0 0.0 0.00741418581948 
0.0 82.544753953 0.0 0.0 0.0 23.6208074931 0.00493944057793 0.0 0.0186192266579 0.0 
98.4816414567 0.0061708085122 0.0277396441266 0.0 5.13118224187 0.00240552187471 305.960086676 0.0 0.0 0.18274495614 
0.0 0.00810327949852 1908.62306041 0.0111502001145 0.0 0.739140570477 0.0 0.00302965832208 0.00507529999991 0.0 
0.0 0.0195244683733 0.0 0.0 0.00448713753666 0.0 292.509689455 0.0992167059514 0.00814550661407 0.0 
8.30537052303 0.0 0.0 0.0191630577963 4.77544444673 0.0 0.0 10.9529333386 0.0 0.00461848996698 
0.0 0.0 0.0 0.0 0.0 0.00224737882346 0.0 0.0 0.00693977061567 0.0 
0.00255514325141 0.00275883636633 0.0 15.1316532661 0.0 0.0 0.0 0.0 0.0 442.558241457 
0.00383147514482 0.00253556321641 0.0 0.0 120.466596218 0.0208118611993 0.00673214918362 0.0 0.00453570087498 0.0 
