0.0 0.0 0.0 0.0 0.0 0.00615020267622 0.0148508826319 0.0 0.00845799367891 0.00857751010296 
0.00413320269231 0.0 0.118898009863 0.0 0.00685178763515 0.780125805826 0.0 0.0 0.0 1.07322011311 
0.0 0.0 0.0 0.00349689668793 0.00847950927333 23.4224407117 0.0 0.120968689244 0.00331438792892 131.124508212 
0.0 0.0 0.0106461793855 0.0 0.0 2.81786176661 0.00607765694538 0.0 0.00713951271173 232.215638272 
0.0 0.0 0.0156663186131 0.0 0.0 802.352359943 0.0 23.1452882446 92.9380136467 0.0 
0.0 2.08451422133 0.0 17.7381472381 0.0410858525329 0.0 1.43809930836 0.0 0.00980304719298 0.0 
0.0 0.0 0.0 0.0 0.0071012168122 0.0 0.0 0.0 0.0 0.0242326175557 
0.0115221438685 0.0 0.0 0.0 0.0147451392883 0.0 0.249200886344 0.0 0.0 0.00647774300301 
0.00413138144767 0.00342962579178 1444.70812556 0.0 0.0 0.0 633.190243876 0.0 0.0 0.0 
0.0 0.0 0.0 0.0 26.0192947812 0.0 0.00744117400035 0.0 1792.66941662 0.0 
