0.0 0.0 0.0 0.0107004881146 0.0 0.0 0.0 0.0 3.17838169497 1.81109594753 
7.53118858116 0.0 0.103892591149 233.724691578 0.0 0.0 0.0 738.458689701 0.0037104970597 0.0 
0.0 14.0430142328 0.0 0.0206447800631 0.0 0.0 0.0121738069732 0.00707663115937 0.00749792868744 0.0 
0.0 7.49164555294 0.00911402343023 0.0 0.00603919746845 0.0 0.0 0.00519527120609 0.0 0.0 
0.0 0.0 102.627090292 0.0 0.0 0.00293443990658 0.0 0.008773533802 0.0 0.0 
0.0 0.0 0.102646304833 0.0 0.0 0.0 0.0 0.00437225820196 0.0 0.0 
0.028458414987 43.0227021237 0.0274460961368 0.0023199396293 2.15339500304 0.0 0.0 0.0 327.998345634 0.00873078735018 
0.00721125599642 0.0 0.0 0.0191117596855 0.00433480895425 0.00885087848966 9.17977219707 0.0 0.0 0.0 
0.0 0.0 106.012391532 0.0 0.00966655695836 0.013473949122 0.0 0.0 0.0 0.113751601436 
0.0167999324049 0.0 0.0 0.0 0.0 0.0134747959255 0.0103236642846 0.0 0.0 0.0 
