0.0 0.0 0.0 0.0 0.0 1.23196975625 0.0260388614277 0.00272930018146 146.958226287 0.0806758869879 
0.0129205961726 0.0 0.0 0.0124994706653 0.0 0.0 0.0 0.0 0.0203453192555 0.017527126586 
0.23036573935 0.0 0.0 0.0100295733862 0.00469830497047 0.0 0.0 0.0 0.0712765219477 0.0105729882829 
0.0 0.0102778491705 0.0104919093608 0.0 0.0 812.503513 1161.73309249 0.0 0.0 0.0 
0.016190748759 0.0121363583994 0.0 0.0 0.0 0.0 0.0203112465169 0.0 0.00452470833638 0.0089914262377 
0.0 0.00405075515557 0.0 0.0229039085154 0.0 0.0 5.7831330877 0.0 0.0 0.0 
0.0 0.0184587186095 0.0 0.0 0.00678973724922 0.0 0.0 0.0 0.0 0.0 
0.0 12.8117110305 0.0 15.0433766235 0.0 0.0 0.193962183974 0.0 0.0 0.0 
0.00544556127611 0.018645938039 0.0 0.00884316802437 1338.21414608 0.0 0.00550700484828 1003.02615346 0.0 0.0 
0.150837998106 0.0 0.00827000094311 0.00287664949093 0.0141728087836 0.00260524659137 0.0105681139231 0.0 0.877906828764 0.0 
