0.0 0.0 833.883269507 0.00890140162303 0.0 0.0151037902156 0.0 0.0 0.00915390748111 0.0 
0.535335512323 0.0 0.0 0.0 0.00713742266883 926.61038315 0.00661263086998 0.00663224168336 0.00773620017074 0.0 
0.0 0.00842511617393 0.0 0.0 699.631175135 0.0 0.0 0.0 0.010112822924 0.0208751853491 
0.0 0.0 0.0 0.0 0.0 20.532388536 0.0 0.0105038075534 0.136324891998 0.0164167061107 
0.0 0.0 0.0 0.0202876379477 0.0 0.00709815076712 257.771414443 0.0 0.0626883968155 0.0 
0.00749370610186 321.370755419 0.0 0.0107320061713 0.0 0.0 0.0 0.0 0.0 0.014454717681 
0.00353504620704 0.0 0.0 0.0 0.178308761785 0.0079422960433 0.0 0.593869942772 0.0 0.148225984559 
0.0 1371.63540951 0.0 1.58037634945 0.0279380968994 0.00468517319593 0.0 0.0 0.0 0.0 
1.02261354944 0.00728919581007 0.00737289320074 0.0 0.0 0.0120474396297 0.0 0.0 0.0 0.00322912564367 
25.5346992626 0.0 0.0 0.00403634066878 0.0 0.0186696994599 0.0032697659161 0.00368491979932 0.0 0.0 
