0.0 0.0 0.0 0.0173534975194 0.00357593453399 0.29187201966 0.0 0.0 0.0 0.00579269590197 
0.0 0.0 0.0 5.51807147543 0.0 0.00336833856824 0.0 0.258784436256 21.4348506221 1678.36797413 
1028.04941349 0.0108412267846 0.0 0.0 0.0 0.0 0.0 0.00532052761683 0.00243569476289 0.0 
0.0 9.44557466003 0.0 0.0 0.0 0.00568895906398 0.0 0.0024778274449 1.38392685669 0.646626179709 
0.0 0.0 0.0055267460832 0.0 0.0 1527.36367821 0.0155783878001 0.0 46.1787901823 0.00688214484898 
0.0 45.8053249688 0.0 0.0 0.0 0.0 0.0 0.0 1434.94833942 117.031941335 
0.0064523446749 0.0 0.0177229814354 0.0 0.0 0.0 0.0 0.0132598217225 0.00417508297733 0.0 
0.0 0.0 0.00585692349698 0.0192506285175 0.0 0.0 0.00312984738332 0.0 0.012670668539 0.0135794130692 
7.30415814756 0.0 0.0188669868277 3.38829482146 0.0 0.0 0.0133703009385 0.0 0.0 0.0100841116074 
0.0134685306747 0.0034267285726 17.0278250851 0.0 0.0 0.0 0.0 0.00274046536217 0.0 0.0 
