0.0 143.828666032 0.0 0.00399956207026 0.126194275058 0.0 0.0 0.0 191.591649917 5.62391890173 
0.0 0.0 3.66214819035 0.0 18.8425873042 97.2299605258 0.0 0.00331710353199 0.0146796353252 0.0 
8.06083373646 0.00384873320238 0.0 0.0 0.00558843487325 3.52008192414 0.0 0.0 1766.38114803 0.0425372910355 
0.0104399313346 0.0 0.00911356950601 0.0 0.0 0.0 0.00243275934401 0.0 183.457417137 0.00376149103119 
5.46326128379 0.154600186508 0.00514524047172 0.0 0.0 0.0 0.0172645135297 0.00227045757335 0.00241877505987 0.0 
0.00395988814274 0.0 0.0231215800319 0.0032191890154 0.00361989835471 0.0 1900.22947421 0.0 0.0 0.0 
0.00726492081205 0.0 0.00787964523139 0.0 0.0 0.00347544689402 0.0 1.03871273323 0.0 0.0 
0.0136629323815 0.0 0.0 0.00394274987524 0.0 0.0 130.568147617 0.0 0.0 0.0 
0.0125705709213 0.00770430535739 0.0 16.6169511708 0.0 0.0093606799339 0.0 0.0067785816469 0.0 0.0 
73.5735219498 0.0 0.0 0.0 0.668687273978 0.0032934256047 844.40126614 0.0128186819744 0.0 0.0 
