0.0 0.0 0.00252174916341 0.0 51.5595224468 0.0 0.0 0.0 0.0 0.0 
0.0140441743645 0.0 0.0 0.0 0.0114071204725 0.0622503681531 0.0 0.0149622484105 0.0 0.0 
0.0 433.181373508 0.0 0.0 0.0 0.00537653510862 0.00388189210065 0.0 0.013905995913 0.0037558145959 
0.0 0.0 0.0 0.0 0.0 193.385280345 0.0 0.00527066742439 0.0 0.0 
0.0 0.0 0.00412584689086 0.00766644198246 0.0 0.0 0.397125810202 0.018399288364 0.00466369201784 0.0 
0.0 0.0 0.0 0.0665531624123 0.0 0.0 0.0 0.0 0.0 0.00513477508376 
0.0 0.0 1816.15827073 0.0024839761994 0.0170225500662 0.0 0.0 0.00230950237847 0.00529981269245 5.39809825116 
0.0 0.0 0.0 0.0103213851846 0.00493094187794 0.00304925907628 0.0 0.0 0.00423321525467 0.0 
0.00236553521538 0.0 0.0 0.0 0.0203490794503 0.0 0.0 0.00303719110962 0.0 537.267680792 
0.0 0.014604399157 0.00312628127865 0.0 0.00452470013562 0.0 0.010854912093 0.00525696755487 0.0 0.0 
