0.0 0.0600486486391 0.0 0.00498760361358 0.0 0.0 81.0138142896 0.0 0.0 0.00766321405434 
0.0 0.0 0.0191769389248 0.00802655198598 0.0 0.00656304197807 0.0 0.0 0.0 0.0 
0.0 0.0 0.0 0.011236863501 1992.74035118 637.886530792 0.0 0.0 0.00480896770292 0.0 
995.013165959 102.066158143 0.0 0.0 0.0804126733132 0.0 231.022145622 0.281681123357 0.294792458604 0.00581581152695 
0.0 0.0 0.0 0.0 0.0 0.0 0.0 0.0 0.0 0.0 
0.0 0.0 0.0 0.00227425857289 0.00765915795304 0.0 0.0 0.0 0.0186098740809 1.26842940117 
0.0 0.0 0.00540257013154 0.0 0.0 0.0 0.0 0.0 0.019619840022 0.0 
0.00501618688209 0.0 0.003714943981 6.76243240391 0.0 0.0 0.0 0.0 0.0206214997457 206.109395213 
8.80068429104 0.0 0.0242439004385 0.00490121738239 1.55875162103 0.790633794225 0.00546671601481 0.0 0.0 0.0 
0.0511257156682 0.0 0.00231625443078 0.0 0.00966460329509 1.10583381328 0.0258025502307 0.11270766116 0.0 0.0 
