0.0 0.299116254677 0.0 0.0280586998694 0.0 0.0106497921149 0.00239435265669 0.0 0.017784038439 0.00714071710823 
0.0 0.0 0.0 0.0 4.33367158029 0.00553376619409 0.0 0.0 0.0 0.0 
0.0 0.0146214245941 0.0 0.0 0.0 0.0 0.00560063489734 3.34359706147 0.00667877264195 0.0 
0.0 0.0 0.00331737924172 0.0 0.0 0.0148804529043 0.0 0.0 0.0130979077159 1.50362955494 
0.0072208315798 0.0152276586323 0.0 0.0 0.0 0.0 0.0150412118323 0.00224715979948 0.116575836831 0.0 
0.00348531545221 0.0 0.0 0.00380017650307 0.0 0.0 0.0 0.0 2.43783615981 0.0 
0.0173578378683 0.0 0.00290583104137 1.06839676037 0.00731975132944 0.0 0.0 0.880867651463 0.011702394719 0.0 
0.00265354315095 0.0 0.00228569463313 2.41180568938 0.0 0.0 15.1464603784 0.0 0.00889670231356 0.00276761737259 
0.0 61.5894405684 0.0 0.00584511562511 0.0 0.0 0.0 0.00654003179875 0.0 0.0 
0.0175320478308 0.0189195491502 0.0 0.0 0.0 0.725755067448 0.176804575344 0.0 0.0 0.0 
