0.0 0.469678263081 0.0 0.0 0.0 0.0 0.00601216388825 0.0173004302982 0.0 66.243173588 
0.0 0.0 0.0 0.0 0.00280194683244 0.0 2.00972026032 0.00460607405834 0.00260612942473 0.0 
0.0 0.0 0.0 0.00643075282879 0.00875276600404 0.00879204053867 0.0 0.0177759747707 0.0095786980508 0.00869425071916 
0.00266025618813 0.455642858451 232.65952825 0.0 0.00417456819003 0.0 0.00305433772075 0.022332535587 0.00837703591046 0.0175331909943 
0.0 0.00479532253613 0.0 0.00398589520733 0.0 0.0 0.00288463361261 0.0122022270388 12.0132832833 0.0 
1.34767158606 0.0 0.0 0.00333152135023 0.0 0.0 0.0 0.00468607044966 0.0150630032496 0.745878639699 
0.0 0.00414381278832 0.00590047897436 0.00890963742036 0.0041927785306 0.0 0.0 0.0359116087473 0.0 0.0188914664304 
0.0 0.0 0.00806148250978 0.0 0.0 0.0 0.0 0.0 0.0 0.0 
0.00969397898291 0.0 0.0 0.0 0.0102982297165 0.0536985745883 0.00598306519685 0.0 0.0 0.0 
0.00349269841242 0.0 0.0119700176673 0.0 0.00927540127955 0.0 0.0 0.0 0.0149115139543 0.0 
