0.0 0.0 0.00285017812122 0.0 0.011843206866 0.0 124.704373361 0.0 0.00317140419194 0.0 
0.0 0.0 0.0 0.0152917821051 0.00807937018852 2.95622664043 0.0 0.0089416279761 0.240882986898 0.0 
0.289157156671 0.0 0.0 0.0287647194689 0.153325343461 0.00980464397696 0.0 0.00870212226608 0.0 0.00709285509655 
211.467495199 0.0856196688146 282.801648586 0.0 0.00254122879264 0.00756045799609 0.016095059381 0.0 0.0 0.0 
4.96991205309 0.0 0.00275248339628 0.0124930559764 0.0 0.00505710334151 0.0 0.0200664255796 0.0 0.00621629368061 
0.0 0.0 0.00547338603869 0.017465699923 0.0 0.0 0.0 0.0 0.006609386443 0.0 
0.0 0.00692015906784 0.0 0.00576725697056 0.0 0.00380940830074 0.0 126.562233324 0.00277127434335 1944.75265246 
0.0125836767192 0.0 0.0 0.00697694267131 1.65917418785 0.0 231.523150096 0.0 0.0 0.0 
0.0 0.0168174558611 0.0 0.0 0.0 0.0209151863953 0.0 0.00318799134585 0.0 0.0 
0.00286459604687 0.0 0.348187955939 0.0 0.0 10.426811094 0.0 0.0 0.0 0.0 
