0.0 0.0183504073121 0.0 0.0 0.0 0.235787230405 0.0 0.0 0.012424641823 0.0115066838559 
0.0 0.0 0.00915007002917 0.0 0.0 110.031570404 0.0 0.0 498.103308347 0.00640465978198 
0.0173835870042 0.0 0.0 0.0181826784717 0.0541944931279 0.0 0.0 0.0 0.00374897958897 0.0 
0.0 0.0 0.010032968302 0.0 0.00823575649413 0.0 0.0 0.0 0.0076413766325 0.0128288929184 
0.00494367627813 0.0100088349416 2.33777066245 0.0115259130731 0.0 0.0 0.00260838340063 0.0 0.0 0.0 
0.00675855071783 0.0 0.00819412363736 264.348315057 0.00455701036985 0.0 0.0 0.00356083184689 0.0179908348682 0.0 
0.012706635358 0.0 0.190062059084 0.0 9.40641501679 0.0 0.0 0.00415916427059 0.00299702124102 0.0 
0.0 0.0 0.0 0.00279758235075 5.72843939857 0.0 0.0 0.0 0.00989684420608 0.00261424520772 
0.0 30.1159352023 0.00415006892409 0.0 0.00441650773439 0.0 0.00554607062041 0.0 0.0 0.0110796059044 
0.0137235883138 0.0 0.0 0.0 0.0 0.0122768729299 0.0 0.00380637722346 0.00820708137016 0.0 
