0.0 0.00448390854848 17.6343389979 0.0 0.0 0.017008167584 0.0 0.0 0.0 1162.33172098 
0.0190448272096 0.0 0.0 1452.09906241 2.89301552116 0.0 0.0 0.0112624045678 0.00618997085359 0.0 
0.0 0.0 0.0 41.3554778202 0.00864993999788 0.00788521851923 0.00973888095708 0.0 2.02224890658 0.0 
30.43334437 0.0051289472457 0.00864808763227 0.0 1.28532869736 688.5422771 0.0110619371345 81.8278220873 0.0 0.0 
0.0 0.0 4.84943335491 0.0 0.0 0.0 0.0 0.0115299520123 41.7837990425 0.0 
0.0 0.0158639254887 0.339162711804 0.0 0.0 0.0 0.0 0.00292085535647 0.00742177936776 26.9180461908 
0.0 239.015146544 0.00520335097194 0.0 0.252960306952 0.0 0.0 0.00319369785588 12.4299412396 0.149403117568 
0.678770202928 0.00279909954131 0.00660767223144 0.0181431945646 0.0 268.599338206 0.0214440633037 0.0 0.0 0.00467586259409 
94.8165843947 0.0 0.0 1.81257784337 0.0 0.00979738896114 0.0 0.0 0.0 0.0 
0.0 0.0 0.00701145395235 0.0435025294985 0.00469100156607 0.0 0.00269147881583 30.4285839272 0.0 0.0 
