0.0 0.0 0.82210491671 0.0 0.0 0.207241799847 0.01933183274 0.0 0.611473953254 5.750347172 
0.0 0.0 23.2884765607 0.0 1175.84963069 0.00344387352009 0.0 0.00565302216843 0.0 162.510152178 
73.4033871674 0.0 0.0 0.0 0.0 0.00556527402021 0.0 0.418378484409 0.00457170576909 0.196199779328 
0.00761901528338 0.0 0.0 0.0 0.0 0.00674289442487 0.00460161011317 0.0 47.3065666832 0.0118674657551 
0.00767921329814 17.16735042 0.0049195024077 0.0 0.0 0.0 0.0 150.669596242 0.0143607382657 0.00741479427888 
0.00869512882661 0.0 0.0 0.00268470741303 0.0110503100526 0.0 0.0 0.0 0.0 43.0466448351 
0.0173149105317 0.0140729482144 0.0059671016629 0.89813298 0.00524502308911 8.9123880609 0.0 12.7331032 0.00720399126461 0.0 
0.00929076445514 0.00409375385967 0.0 0.0 3.39247403752 0.0 0.0150929988954 0.0 0.0 0.0 
0.00654198476582 0.0 0.00696538916306 0.0 0.0202515764736 333.702153065 13.0014932956 0.0400637831879 0.0 0.00390700264424 
0.00570418295548 0.0 0.00254500278217 0.0136854694153 1526.77505403 0.0 0.0 0.0 0.0 0.0 
