0.0 0.00622187626539 0.0 0.0172782370305 0.0583274483218 0.0 0.0 0.0 0.012842284412 0.0 
0.0 0.0 24.8985878972 0.016564618084 0.0 0.0 0.0 0.0 3.43523199664 0.0 
0.371479583727 0.0 0.0 0.024305453499 0.0 0.0102862451399 0.016801443143 0.00257258421053 0.0 0.0 
0.0 370.432095272 0.0 0.0 0.00385918459228 0.0 0.0 6.4545063349 3.19297872045 0.113636178468 
99.383034679 1153.02945308 0.0 0.0 0.0 0.0 0.178605659141 0.0 0.0198316921209 0.0 
0.0 0.0 4.3680175959 0.0 0.0 0.0 0.0183538536879 0.0 0.00406451853426 0.0 
0.0104636220408 0.0 0.0 0.0 0.215846396237 0.0 0.0 0.0 0.00401151147031 100.290202136 
0.0 0.0 0.0 0.0 15.3590355447 0.00401187403186 0.00325487161621 0.0 0.0 0.0 
0.0 0.0282272416428 7.40427682091 0.0489594316356 0.0 44.6901025177 0.0 0.0 0.0 0.0 
0.0 0.00253120097865 95.0824167096 0.0 314.111009823 0.0 0.0 0.0030506236248 0.0 0.0 
