0.0 0.0 0.0404160048907 0.0137874075239 0.0 0.0 0.0073168567428 0.0 0.00924189908407 0.0 
0.0 0.0 0.0 0.0 0.0082071059026 0.00281778564119 0.0 0.0058303276576 0.0475448088121 0.0 
0.0767296894419 0.0 0.0 0.00894864006634 0.0 0.00242469907733 0.0 0.00493486425604 0.0196211149114 0.0 
0.0 0.00504764193532 0.0 0.0 0.00962164270312 0.0 0.186597282018 0.0 0.0 0.0 
0.0 0.0 0.124675188268 0.00705913488278 0.0 105.999458481 0.0 0.0 0.0 0.0137694952215 
0.495370365987 0.0 0.0 0.0 0.0 0.0 0.0130576807735 15.3207561223 0.0 12.8766985752 
0.0675375075537 0.00250234176864 0.0155061553523 0.0 28.5820183975 0.0 0.0 0.0 0.0 0.0 
0.0 0.0 0.00615313746711 0.0 0.0 0.0179268279328 0.0 0.0 0.0 0.0 
0.0127814214802 0.0 0.0 0.477826796978 0.0 920.036836757 0.00598370949449 0.0 0.0 0.0 
0.00676228852726 0.0 27.614316524 0.0 0.00919716120461 0.00826056558723 0.00260397935333 0.0 0.00239958617947 0.0 
