0.0 0.0 0.0 0.0 451.564240302 23.6720522724 308.680371824 0.00714747357807 0.0 0.00320707830097 
0.0 0.0 100.338645416 0.0 0.0168938672478 0.0 0.00263088380716 0.0108619066727 2.69395409384 0.0 
0.0 0.0 0.0 0.00232099778612 0.0 11.7390669148 0.0195949329075 0.235905756613 0.0 0.0 
0.0 8.07358734039 0.0 0.0 0.0 0.0 0.212106592683 0.0 0.0 0.0 
24.3579187236 0.0 0.0 0.0 0.0 0.0168335392707 0.00264685348242 17.2996042413 0.0 0.0 
0.146005698562 0.0113044230234 0.00246250890459 0.00589083428272 0.0 0.0 0.0 0.0 0.00928746606387 0.0 
5.31718078599 0.0222542245547 0.0 0.0 0.0 31.5226189693 0.0 0.0 0.0 381.58247771 
1.34991554955 0.0 0.0 0.0116773511094 0.0 1751.94061675 0.0230918536445 0.0 782.738824876 0.0 
0.0 0.0 0.0 2.8169191319 0.0 0.0 0.007637816834 0.0 0.0 1.12337632538 
0.00672624547724 0.0136512935507 0.0109583918878 0.00608474514287 33.8535595682 0.0039888453723 0.132755779533 0.0 0.00520282880606 0.0 
