0.0 0.00274610234492 0.0 0.0887468540988 0.564731749172 0.0 0.0158771226304 0.0 0.0 0.0 
0.80336853397 0.0 0.0 71.6988709217 18.861434946 0.0 480.280858184 0.0224760882424 0.00880211060171 0.00289474334801 
0.0111689592177 0.00396218257605 0.0 0.0194553794011 0.0 0.0 0.0 0.0 0.0104031405294 0.00497446637743 
0.0 0.0439621311692 0.0122101752177 0.0 0.0160692567633 0.00424663623553 0.0 0.00727178838384 0.0 0.00288498015685 
0.045295448687 0.00240793740196 0.775821838646 0.0843290765583 0.0 0.0 0.0 0.0 0.0 0.0 
0.121345845066 0.0 0.0 0.0 0.0 0.0 0.0 0.00542060963404 0.0 0.0 
0.0 0.00237832960098 0.00248287900886 0.0 0.00316916325616 761.429051094 0.0 0.0 0.0101819418382 0.0 
0.0109131830228 0.0 0.0225910000657 1179.11891025 0.0107003773641 0.0139411554222 0.0 0.0 0.00892600014581 0.00942934632714 
0.0 0.0167984719416 0.0717196122335 18.074669808 0.0 0.0 0.0 0.0 0.0 0.00229058085456 
619.046940517 0.0 0.00266971519742 0.0 0.0165802853214 0.0 0.0 0.047343087007 0.00962734480899 0.0 
