0.0 86.596002854 0.0166204380384 0.0 0.0 0.00495374568885 0.0 0.0 0.0 0.0 
0.0293816986337 0.0 2.30541215612 0.0 0.00926394469845 0.269096309385 931.477195909 0.0 0.00264749065948 0.0 
0.0 0.00612192146905 0.0 0.0 1.57329330552 0.0 97.562144586 0.0 0.00348352998096 0.0 
0.00448488234843 0.00582663135309 0.0 0.0 1.76147132733 0.00646546957106 0.00330729230673 0.014011019514 0.852641372317 139.128909993 
0.0181663148299 0.0 0.00396305449929 0.379643345 0.0 0.00347749710695 0.0 0.0 1823.39149125 0.0 
0.00696796944131 0.0 0.0 0.0 0.0154459826512 0.0 0.0 0.0 0.0 0.0 
0.0 0.0 0.00411375765111 1.39456306852 0.0 0.00279856097375 0.0 0.0 0.0172018306232 0.645367928722 
4.44151817154 0.0 0.0 0.017084946444 0.00253450881034 0.0 0.00521756038202 0.0 0.0224071198917 0.00900470480459 
0.00252017938099 0.0 0.0 0.055075055919 0.0 0.0 0.0042729492198 0.0170562943989 0.0 0.0 
0.00255347035408 0.0 0.0 0.0 0.0 0.0 0.0 0.0 0.0111270722702 0.0 
