0.0 0.00294737268174 0.0023460597452 0.0 0.0 0.0 910.312953429 421.488192775 0.0 0.0 
0.0 0.0 220.124946528 0.0 0.0 0.0100854952091 0.00681869715821 0.0 0.0 0.00250051429563 
0.0 0.0 0.0 0.0 0.0 0.0 0.0 0.0034478760967 0.0 0.0 
7.76055808682 0.00461363294747 0.0 0.0 0.0260347674057 0.0 0.0 0.0 1.10579070463 394.462418603 
0.0146804378157 0.0 0.0 1662.31542819 0.0 0.0 0.0 0.0 0.0 0.0 
0.174656206085 0.0 0.0 0.0 2.82191437757 0.0 0.0 0.0 0.0050843413173 0.0169515383926 
0.0 0.0 0.0 0.0 0.00978304012962 0.00576771544978 0.0 0.0 0.00895055736433 0.0505103049116 
0.0 0.0 0.0 0.0 1.30100835071 0.0 0.0 0.0 0.00978733447101 0.0062905561326 
0.00757834088564 0.0119429529489 0.0326882213213 0.0 0.0 0.0110990389736 0.0154937382772 0.0 0.0 0.0 
0.0 0.0 0.0 0.00261719985633 0.00514819343651 0.00531746390244 0.00305575653651 0.00431709144464 0.0 0.0 
