0.0 3.01701579886 0.0151001228327 0.0 0.0264845093258 0.0 0.00332126762413 0.0 0.0 0.00572840969275 
6.21307005418 0.0 0.0 0.0 1734.64403712 0.0 0.0 0.00720006904477 0.0 0.00851232239694 
0.0 0.00508837132593 0.0 0.0 11.3963798015 0.0 0.0135248430621 0.0 0.0119019318233 0.0117814547335 
0.0 0.00921471783393 0.0111392603708 0.0 0.0 0.0 0.0 0.0115877781011 35.468263654 0.0 
0.0 0.0 0.00497840039175 0.0 0.0 0.0199550662799 0.447894577171 0.0 0.0 3.0650853884 
0.0114992935743 0.0 0.00720595335638 0.977867660863 0.0 0.0 48.1977255093 0.0 0.0 0.111180217506 
0.0126196660303 0.0 0.0 0.0 0.0 0.0042638326684 0.0 0.0 0.0143120127439 0.0 
0.0186815189558 0.0107631275159 0.0252929045129 0.0 0.466871318356 0.0 0.0 0.0 25.3974681755 0.00841115311721 
0.0050659614787 0.0404862811836 0.00256143251386 101.184254435 0.0 0.0 0.441594722426 0.00490669182238 0.0 0.0 
0.144698699423 0.00573588345873 0.00574885572294 0.00272366253109 0.0 0.0 1565.43307184 0.0 0.00255545387529 0.0 
