0.0 0.0 1.58766972993 0.0 0.00265054966931 0.46154162476 0.0 0.0 2.12576770005 0.0 
0.011285935107 0.0 0.0 0.0 0.0 0.0081215375429 0.0 147.784168627 0.0 0.0123831937981 
0.0 0.0 0.0 0.0450354225567 0.0 0.0 0.00933681039946 0.0 0.0 1127.37524967 
0.0 0.0 0.0 0.0 0.00529221718148 0.0136452902214 0.0 0.0 0.0 0.0 
0.0162554672444 0.0133923731557 7.26661144578 0.0150546602607 0.0 0.751501455684 0.0103509278603 0.0 0.0 0.00743091239498 
0.0 0.0 0.0 1.52275391669 0.0 0.0 0.00422396281425 0.0 0.0025054863933 0.0 
198.76345589 0.0 0.00494328137989 0.0 0.0 0.0034546341573 0.0 0.0 0.0 0.0 
0.0 0.0 0.00613443757031 0.00238635302113 775.06073785 45.8009969313 1461.1954252 0.0 0.0 0.0 
0.0 0.00442619706914 0.0056557963041 0.0211931562946 0.0106759822908 0.0 0.0 0.00272716122787 0.0 0.0 
0.0 0.0 0.0 0.0118727668079 0.0 0.0 0.0 0.0 0.0 0.0 
