0.0 0.0 0.0 0.0 0.0036211742572 0.0 0.0 0.00825986720465 0.00287472736168 0.00570448968757 
0.00328477947628 0.0 0.0 0.393904848886 0.0 0.0 0.0 0.0655759843637 0.0 0.0126748398546 
0.0 0.0 0.0 0.0 0.00225440588748 0.0106239283678 0.378628378902 0.0 0.0 5.67506494473 
19.7712367162 0.015132911696 0.0 0.0 1182.48526229 1.68146955276 33.9171957838 0.0 0.00508265998729 0.0 
0.0 0.0 0.0 0.0 0.0 0.0 1.22363708167 0.0 0.0 0.0 
0.0 0.0120612537172 0.0 0.00233202533765 0.0 0.0 4.28983248353 373.994620856 0.00366925929972 0.0 
0.0 0.0 0.0 0.0 0.0 0.0107538450337 0.0 0.663020101168 0.0 0.0 
0.0 0.0 0.00816571609991 0.0 6.39578508234 153.827548841 0.0 0.0 4.98341486743 0.00735321937666 
0.0 0.0 0.0 0.0 0.00484177988624 0.0 0.00763844366219 0.00302800901415 0.0 0.0 
0.005695077378 0.0 0.0 0.0033794030053 0.007674657652 0.0 0.00271928287024 0.0 199.343677342 0.0 
