0.0 0.399017992584 0.0 0.0 0.0 0.00517842642842 0.269849724639 1.931431657 0.0 0.00224425565769 
0.0 0.0 0.0 0.0 0.0102629985123 0.588116703561 0.0 0.0 0.011566797288 0.01495883646 
0.0 0.00838712217442 0.0 0.0 0.0 0.0 0.0 0.0 0.0 0.0 
0.0 1744.31977713 0.0 0.0 70.2513220394 0.0 0.0154093719824 0.0 0.0 0.506901777431 
0.0 51.8421830156 0.0 0.00503738004796 0.0 0.0 0.0034595961699 0.0 0.00235347126609 0.0 
0.0 0.0 0.00507343128763 0.00247758303586 284.992893671 0.0 0.0108133933769 0.0116100536053 1020.57079232 0.0 
0.00490808269671 0.00252242926184 32.706220819 0.0 0.0 0.0 0.0 0.0 162.749779925 0.0457981413284 
447.10483296 0.134143581319 0.0 0.0 0.0 0.0896849895501 0.0033745634104 0.0 0.0340836430134 0.0 
0.0 0.0 0.0 0.00994150748114 93.5554893774 0.0 0.0 0.00642740832029 0.0 0.0 
103.815532359 0.00716542918022 0.0053907690429 0.0 0.012664096075 0.0750208086902 0.177300792744 0.00645419272589 0.0 0.0 
