0.0 136.739105481 0.00599443516086 10.94970856 0.0 0.0 0.0 0.0 0.0 0.0 
0.0 0.0 0.0 0.00540683213585 0.0 2.28974719173 0.0 0.0 0.00595446172951 0.0 
0.0 0.00815768885647 0.0 0.0 0.0182929431543 0.00309635697043 0.0 0.00263863234915 0.00277959577015 0.0 
706.62455497 0.00460915707356 0.0 0.0 241.984419256 0.0 0.00324075582691 0.0 0.0 0.0 
0.0 0.00564074322664 0.0 0.00834494238531 0.0 0.0 0.0217415707821 0.0 0.0 0.00283457749454 
0.00266988478028 0.0103442744614 0.00706563256879 0.00301911071096 0.0100984044767 0.0 0.0 0.00237436118406 0.0188774049586 0.0163059412474 
0.0 0.00733026323806 0.0208320121635 0.0 0.0 0.00502787185994 0.0 0.0 4.86923304547 8.80141595105 
740.2252058 0.00909138902922 0.0 2.95626220827 0.00266698943207 0.0 0.0 0.0 0.0 0.0 
2.80095847279 0.0160751630909 0.0 169.535428274 0.00311989521272 0.0 0.0 0.0 0.0 0.0 
0.0 0.0 0.0100697449765 0.0 0.0 0.00573423410313 0.0 0.221797087302 0.0107566888354 0.0 
