0.0 0.0 0.0 0.0135199419326 0.020669078679 0.00742872451021 8.81210164535 0.0 0.00669740584692 5.72797849057 
0.0223014246179 0.0 0.0107297899174 5.0853188156 0.0 0.0 0.00602260683718 0.0 0.0 0.00584148098306 
0.00703643817194 0.00259869367254 0.0 0.0 0.0 0.0191094114402 0.0 0.0 0.0 0.00321271940716 
0.0 0.00333353599433 0.00501131952924 0.0 0.0 0.0 0.0 0.0208301063749 0.00697564527983 0.00429714071109 
0.0 0.00345357914231 0.0 0.0 0.0 0.0 0.0308091803471 0.0 0.0 12.4334508419 
0.0 0.0167284302319 0.0177497786421 0.126302800728 0.0 0.0 0.0 0.0 0.0 0.0 
0.00256593507645 0.122857382919 0.0 0.0 0.00779545276021 0.00763415672672 0.0 0.0203836279415 0.0177886103095 0.0 
8.05965150606 0.0 0.0 0.0 0.0134582240012 0.147074787393 0.00229559502329 0.0 0.0 0.0 
0.0 195.24387813 0.00998714803384 0.0 0.00309584303389 0.0147046776657 0.0 6.48616128659 0.0 0.0 
0.00646013942653 0.0207601240068 0.0 0.0 0.111575510196 0.00537314533817 0.0 0.0200790987172 8.54209318882 0.0 
