0.0 0.00977710203063 0.0 0.0 0.00309207153453 0.137300200408 0.00298354925043 0.0 0.00390031047055 0.0 
0.0126679711077 0.0 0.00345279146072 0.0 0.00577993715943 0.0 0.0 0.00427198427202 0.0208869347775 0.0 
249.754652628 0.343444717852 0.0 0.0 11.9518842294 0.0 0.297279680808 0.0 0.721522994231 0.851022056813 
0.00348690526518 0.00854081723475 0.0149538231274 0.0 0.00616199266507 0.0 0.0167424071415 7.87433817694 0.00293080297991 0.632254439183 
0.0 0.0 0.00857433396549 0.0 0.0 0.0192826768744 0.0203221511621 0.0 0.0 2.26969171718 
0.00252489225193 0.0 0.0341311236814 0.0 0.0 0.0 7.90872041592 0.0161389711518 0.0138602966725 0.0 
0.0 0.0 660.667919741 0.0 0.0 0.0109644803723 0.0 0.0182018380552 0.0112698722371 0.00284897070025 
3.55759042993 0.00472696043605 0.0 0.163354734071 0.0 1403.9154036 0.00408439002406 0.0 0.00579361206988 0.0 
0.729738773735 0.0 0.0039254336923 0.0 0.00817529708581 0.236174432374 0.00529014288892 0.0328678041554 0.0 0.00376683792618 
0.00339534723405 0.133553681108 0.0 0.0 0.0261619666374 0.0133745580522 11.9089894814 0.0123531767704 0.0080339255782 0.0 
