0.0 0.0 0.0 0.0 0.0086972841422 0.0 0.00374182729529 0.0 0.0 0.0135390859032 
0.0043804901408 0.0 0.00816265938112 0.0161559453012 0.0 0.00464893517996 0.0 0.00344057570803 0.0 0.00456701316294 
0.00245221906517 0.00871996457594 0.0 0.00549731700552 0.119987405581 45.0699415065 0.0 0.0 0.0128278627716 0.00590774748298 
0.0 0.0128039355177 0.00756408853301 0.0 0.00531652354113 0.0 0.0 0.0133725270648 2.99523151302 0.0 
0.0 0.0 0.0 0.0 0.0 0.00244334541422 0.0 0.0349332799016 0.0 17.392552931 
0.0 0.0 0.0 0.00845236229 0.0 0.0 0.0 0.0 0.0 0.0 
0.0 31.6202280782 0.00615064857377 0.0 0.0 0.0 0.0 0.0 0.00314636719743 0.0102394296991 
0.0 0.0 0.0 0.00363149130739 0.00837453927956 0.00989627809646 0.00624543483852 0.0 0.0 15.4344075731 
0.0 0.0 0.0 0.0 0.0100173060706 0.0 0.0 0.0 0.0 0.0 
0.0199462235083 0.0190689951751 0.0 0.0 0.0 0.0 0.0 0.00965421611062 259.612317566 0.0 
