0.0 0.0 0.0 0.0976202340616 3.38305303166 0.0 0.0 0.0 0.0 0.311620071473 
0.00453625950868 0.0 0.0 0.285444597617 0.0 0.0 148.183843431 0.152644051588 0.0 14.9426369795 
0.609351532488 0.00355064140723 0.0 0.0 0.0 0.0117475633739 0.00437475542747 0.0 0.0 46.8852750745 
0.0 0.0414384407478 0.0 0.0 0.0 0.00391642474823 573.033817326 0.00299026414445 0.0 0.0133909597522 
3.69871056527 0.00322892716068 1172.4151395 0.0 0.0 0.00608398035937 0.0101118944504 0.00647022639652 0.158771003337 0.0 
0.0 0.0 0.0 0.0 0.0 0.0 0.00393054608304 0.449567245932 0.00467808367293 9.54037685079 
0.0 0.00568958916402 0.0 0.0554259464777 0.0 0.34933458405 0.0 0.0 0.0 0.0 
0.0 0.0 0.0 0.0104550200868 257.205169055 24.500470039 0.129968287996 0.0 0.00496046372234 0.0 
0.0 0.00590419879997 0.0 0.0 0.0 0.0 0.0 0.00280466942335 0.0 0.0 
0.0 0.0 0.0 0.0 0.00565518223814 0.0 0.0 633.615489544 0.0176352463031 0.0 
