0.0 0.0 0.0 0.0169674645133 0.0 3.91105518257 0.0 0.0 18.8318558519 0.0 
0.0 0.0 0.0 0.00450904091186 0.00991842649447 0.00234168075887 0.0 0.0 0.0 0.379629750895 
0.0 0.00364897230974 0.0 2.60787120782 0.0 0.0111935897904 0.0608131924744 0.0 0.0 7.84118733304 
0.0 77.1173304922 0.0101938495174 0.0 0.0 0.00259935902091 0.0189898890577 0.0 0.00666754880498 0.00760740695703 
0.0 0.0 0.0 0.0129235214205 0.0 0.0 0.0129987392245 0.0 0.0408212544913 0.0 
0.0 0.0 0.0 203.868616804 0.0204137288327 0.0 0.198119905279 0.00246735899339 0.0 0.0 
0.0 1999.41299977 0.0397473605718 0.00350673147038 0.061806192593 0.0 0.0 0.0 0.0 0.460782095001 
67.0865286998 0.0105523726585 0.0104866768921 0.00291112762627 0.0076126456574 100.835891161 0.0144982284245 0.0 11.5158358685 0.0 
0.0 0.0 420.213695828 1.30441831128 0.0 0.0 87.0619676014 0.0 0.0 0.0196306246311 
0.0 0.00402175344206 0.0821623784701 0.0158560853897 0.0 828.142046194 0.0 0.0 0.00469341716407 0.0 
