0.0 0.0 0.0 0.0 0.0 0.0 0.0 0.0 0.00702216588085 0.0473368754732 
561.244164995 0.0 27.7063353486 2.96429844194 0.0 0.0 0.0 0.0 9.66273166849 0.0 
0.0 33.9721903903 0.0 0.0 0.0 0.0 0.0 0.0 0.0 0.0 
0.0 0.0 0.0 0.0 0.00915431730013 0.0 0.0 0.0 0.0 0.00715293969169 
0.0 0.0 34.3454427568 1167.94255308 0.0 0.00268790681553 0.00481607649594 0.0 0.0 0.0 
0.0 0.0 0.00228217162874 69.3924420039 0.0291835105522 0.0 0.0 0.0660161172595 0.0 0.0 
0.0 0.0 0.0068107389187 0.0 0.0 0.00252808165703 0.0 0.00317700279476 0.00719182366321 0.0 
0.0112951745169 0.0 0.0 0.0 0.0 0.00459681232226 0.0181826800756 0.0 0.00440143020061 0.00273550920612 
0.0 0.0048429825882 0.0 0.0 0.0 0.0185882024139 0.0 0.00386038248307 0.0 0.0 
0.0 470.031812518 0.0 46.5544243858 0.0 0.00291575707519 0.0 0.0 0.0 0.0 
