0.0 0.00288119297802 0.00603110213094 0.0 0.0136060483856 0.0 0.0103549291164 0.00780300553208 0.00280766160428 0.0 
0.0 0.0 0.855695294773 17.9903845232 21.0032152783 0.0 0.0119615128818 0.0846677996856 0.00282479111747 0.0 
9.90734709229 0.0 0.0 0.0 0.0 0.0 0.0 0.0 0.00268599771536 0.0 
0.00231061786488 0.0 0.00840021330975 0.0 0.012632253623 78.7729401913 0.375110747599 0.0 0.0 0.0126872761161 
29.0971935719 0.00953623625951 0.0 107.280566907 0.0 78.6533753607 0.0 195.490031182 0.0 0.00680005272424 
0.0 0.00341685180344 1117.21127626 0.0 0.0 0.0 0.0197989194686 0.00643182618585 0.00289834700708 0.0 
1000.57308605 0.00308114715794 0.00693854328064 0.00567285081569 0.0 0.00666854294733 0.0 0.0115571479413 0.0 0.0 
0.00312722393837 0.0 1.62376457074 0.0 0.00319656632376 0.0 0.0 0.0 0.0 164.551943613 
0.103581036159 0.00308464188661 0.0 0.0 0.0 0.0075091424713 0.0 0.0 0.0 0.0 
0.00242836895743 0.0 0.0 0.00533014487281 15.6528656772 0.0 0.0 0.0 0.0507651322481 0.0 
