0.0 0.0520587291172 0.0 0.0 0.0206866251655 0.0166673858949 0.0 0.0 0.00586497690369 0.00306717443914 
0.0 0.0 0.0 0.0 0.0 0.0 0.00570920667646 0.00439242184021 0.0 0.0 
0.0 0.0071176543906 0.0 0.0064207484783 0.00262465890809 0.0 0.0117283417977 0.00904499416462 0.0 0.0438052392405 
0.0 0.0107457544651 0.0 0.0 35.8359109947 0.0 0.00928257761865 0.0 0.0 0.00292871345298 
0.0 0.0 0.0 0.0 0.0 0.00942936743002 0.00433819658262 0.0 0.0 0.00877894068705 
0.00413355706116 0.0 0.0157107890908 0.0108129471929 0.0 0.0 0.0 2.38673934805 0.0 0.0 
0.0 0.0 0.00410509482028 0.0105511704764 0.0 0.0 0.0 0.0 0.00284495552417 0.00372356887591 
0.0 0.0 0.0126418040828 0.0 0.0 0.0 0.0199203186445 0.0 0.0 0.0 
0.0 0.0 0.0 0.0 0.206453254064 0.0 0.00279465141147 0.00698253672691 0.0 0.0 
0.00604310284761 0.0 3.89036459266 0.411294392953 0.00715220674535 0.0 0.0165518262944 0.0 0.0 0.0 
