0.0 0.0 0.0 0.0 0.0 0.0122643218591 0.0 0.0 191.450846791 0.00550903670391 
0.0 0.0 0.0191974101584 0.00418688338823 0.036492631474 0.0 1432.61206189 0.0128822139424 0.19177314535 0.300873249897 
0.0 0.0 0.0 0.00521983634217 0.0104032599722 0.0 15.8799388077 0.0 0.00471043828917 0.0 
0.0 0.0 0.018816079027 0.0 0.0 0.0 0.099208785673 512.469686798 0.0 0.0 
0.0 0.011592947425 0.0123665015216 0.00563517706971 0.0 0.0 0.0 0.00759278966994 0.0198719154524 0.00526833802162 
0.0 0.00898981541592 0.0 0.00304731264399 0.0 0.0 0.0 0.0 0.00407592635048 0.00265905404037 
0.0 0.0 0.00338843181441 0.0 0.0 5.41234191556 0.0 248.678118404 0.00236123529351 0.0 
0.0 0.0 0.00626922897329 0.0 0.0197283036469 0.0 0.0 0.0 0.0 0.0 
3.18052047305 0.00932728493891 0.00445124889282 0.0076618304801 0.0 0.00347614671078 0.0 0.00933745730799 0.0 0.0823181717027 
0.0136563823497 0.802161713205 0.0 0.0 0.00266906210172 0.0063523483101 0.00475210203439 0.0 0.0135874396516 0.0 
