0.0 0.0110533246541 0.0 0.0 0.0 5.63361151854 370.38892346 1.55243176684 0.00631068434132 0.00392492558326 
0.0 0.0 0.00517642896173 0.0 0.0 0.118273710495 0.00372651438015 0.0120897395123 0.0 0.0 
0.00230660755627 0.00386940014372 0.0 0.0 0.283249655471 678.710637405 0.0 0.0 0.0401848907693 0.0117034203322 
0.0 0.00425590182939 0.0 0.0 0.768196500579 0.00430286192042 0.00243228086917 0.0 0.0 0.0 
0.0 0.0 0.0 0.00996349502154 0.0 27.0622308519 0.260330833033 0.00529075322783 0.0195853447918 0.0 
0.0 0.0102274494635 0.0 0.0 0.0178867451179 0.0 0.0 0.0 0.0 0.172947170514 
0.0 1.77935019765 0.0 0.00380793031603 0.0 0.0 0.0 183.384654048 0.0 0.027798604287 
1.93662946758 0.0 203.994735898 0.0 0.0 0.0 0.0 0.0 0.032755607306 0.00273504615817 
0.0207687123671 0.0 0.0 3.71615888627 0.0 0.0 0.0 0.00428400813281 0.0 0.0 
0.0 0.0 0.0 0.0185251913065 0.0 0.0 0.00542758155946 0.00613437260351 0.0269035142876 0.0 
