0.0 0.0 0.00395612827005 0.00853581202198 0.0205545482975 0.0 0.0 41.4484378623 0.0 0.0 
0.0 0.0 0.0 0.0 340.654898625 0.0 0.0 0.0 85.2315904945 78.7805380406 
50.1718702706 0.00619582626408 0.0 0.0 0.00240820591375 0.0 0.0 0.00275905698237 76.7177855508 586.055792602 
0.139321237119 0.0 0.0111875431205 0.0 0.0272349746669 0.0164982556748 0.019370039961 0.00301934751314 0.0 0.0 
0.0 0.00270471148285 0.0 0.0 0.0 0.0 0.00388426956535 0.00434360177355 0.0116206984672 0.0109736861101 
0.0 0.00768211301686 0.0 0.0 0.0 0.0 0.0051098862157 0.00510223937161 3.52281258542 0.0 
0.0 0.00358481550552 0.00247947592238 0.0 37.1555312365 0.00350227276285 0.0 0.0 0.00395420694576 0.0246078073862 
0.0 0.0 0.0 0.00451840691414 0.00889936031898 0.0 0.0 0.0 0.0 0.0 
0.0133772486596 0.0 24.7780817426 0.0 0.0 0.400418649146 0.0 1.70929834141 0.0 0.0047283351096 
0.0 0.00475321832411 0.352858481782 0.00876207766147 0.0 0.0 0.00594574616615 0.0 0.0 0.0 
