0.0 0.0 0.0 0.00241151862028 0.0 0.0 0.0048215312261 0.127392907539 0.0 0.0 
0.00360909399508 0.0 0.0184580705049 0.00384571923901 0.00891700594 0.00336003884525 0.0 0.0 2.8842826533 0.013334437135 
0.00353399006783 0.0 0.0 0.759183917884 0.0 0.0 0.020854510131 0.0 1.01300024854 0.0 
0.0 0.0 0.0 0.0 0.0 0.00275813004506 0.0 0.227408808319 0.0 0.00309631912108 
0.0 0.0 0.114866515017 0.0172169341378 0.0 1522.31834061 1220.82942129 0.0 53.4041001738 0.0 
0.0 0.0 0.0 16.5341921004 0.0 0.0 0.0151821232589 0.00641229611307 0.0 0.0 
0.0 6.09455736698 0.00552824931238 0.0 0.0 0.0 0.0 0.0 0.00276638619181 0.0 
0.0 0.0 0.0 0.0109164900824 0.0 0.0283653305711 0.0 0.0 0.0 518.424527387 
676.918840802 0.0 0.0 13.8708482217 1.60788082476 0.0 102.5425666 1938.00947655 0.0 0.0 
0.0 0.111679726946 0.00294287638118 0.0167205421464 0.0107001020253 0.0 1.63862370727 0.0 0.0 0.0 
