0.0 5.19964028391 0.0 0.0 0.0 0.00716077222347 0.0056658421628 0.0 0.0 0.0256731885715 
0.0121254930125 0.0 0.0201069164409 0.0 0.00254872760663 0.0 0.0 0.0 0.00431760529492 0.00592943067524 
0.00238863863255 0.0 0.0 535.234929928 0.0 9.15618511491 0.00239639996695 0.00366005493207 0.0 0.0 
0.0 0.0250847317184 0.010598582011 0.0 0.0 0.00373587540541 0.0 0.0 0.0735444231546 0.00881564208581 
0.0193907945328 0.0 0.0 0.00468814371105 0.0 379.946906736 0.00918745753468 0.00995358276732 0.0126820128798 0.0 
0.00299211032158 0.00570337854709 0.0055169193998 0.00755307703441 0.042699118701 0.0 0.0 0.152628475299 0.0 0.0 
0.00738273601771 0.0 0.0 0.0 0.00418248151378 0.010551591649 0.0 0.00569763482665 0.0151630636101 0.0 
0.0 0.363279095836 0.0 0.0 0.00615189006951 0.0 0.0105774644043 0.0 0.0 0.00306960114325 
0.0 0.0 0.00679672178555 57.9900159287 0.0 0.0 0.0103711657637 0.0198973958677 0.0 0.0188555904474 
0.0118426132128 0.0 0.686957614189 0.0 0.00968881958708 0.00300822847369 0.0 0.00380434203474 425.033597698 0.0 
