0.0 2.96660841671 0.0 54.9513579932 0.0 0.0 0.0 0.0 0.00343888359936 70.3896945206 
0.00459661477261 0.0 0.0 0.0 0.0 0.0 0.0 0.0 0.559677929456 0.0 
0.0 1277.23117086 0.0 0.00250342566594 0.0 8.95369872364 0.0130998877544 0.00496538233627 0.0 0.0 
0.0 0.0 1438.04343302 0.0 0.00286435490853 0.00232431302375 0.0383554131709 0.0 0.00538556077314 0.0 
0.0 0.00257705828564 0.0 1349.02090714 0.0 0.0 0.0 0.0 0.0 0.0 
0.0 25.6119277746 0.00657737378872 0.0 0.0 0.0 0.0 0.0 0.00622235741567 0.00307601630223 
1.26294057074 0.0 1171.10003244 0.0 0.0 0.0 0.0 0.0183451860815 0.0 0.0180313781243 
0.00869562246918 0.0 25.4222552541 0.0 0.0 17.7185037037 0.0 0.0 0.0247441749379 0.0 
0.00440973331807 0.0193908014362 642.906673026 0.0820241123885 0.0 0.0 0.0119244480212 0.0 0.0 0.0 
0.0 0.0 0.00572111447504 2.73451431321 0.146630791063 62.3130214177 0.0 0.0 0.108559910317 0.0 
