0.0 0.00231277375121 0.00311133424497 0.133937146622 0.0 0.00314177387471 0.0 0.0 0.107053744602 0.0 
0.0 0.0 0.0 0.0 0.0 0.0 0.00224981638131 0.00581926547593 1965.42034723 193.845955753 
0.0 242.948290001 0.0 0.0 0.0 0.0028053973787 0.00874346438524 0.004514486246 0.0 0.0 
0.0 0.0 0.0156838317324 0.0 0.0138275246402 0.0 0.0 0.00970902858021 0.0191924052168 0.00755429740976 
547.792080937 0.0133912130674 0.0 0.15582209027 0.0 0.00517893855593 0.00463555226131 0.00450473409154 0.0147182093861 0.0106147993806 
0.0 0.0190643974017 0.0 0.0134783688537 14.7437484924 0.0 0.00280100422743 0.0 9.09858948982 0.0 
0.0 0.0 0.0 0.0 0.0598436527928 0.0 0.0 0.0 0.0167115478096 0.0 
0.0 0.0 0.0168080861277 0.0 0.0 0.0 0.0 0.0 0.0101725158441 0.0 
0.0 0.0 0.0 0.0125234189602 0.0153594920898 0.00285968337767 0.0 0.0 0.0 0.0111335626933 
0.0 0.0032354621963 1000.13745406 0.0 0.00909125055025 0.0 0.00288471086848 0.0 0.0100910461603 0.0 
