0.0 0.00418712055266 0.0 0.0 0.0230725541612 0.00242429304044 169.66955961 0.0 0.521751950041 0.0177188996244 
0.0148972604054 0.0 0.00703230900919 234.486779074 0.00432828650837 0.00456046659774 0.0 19.2070123849 0.0 0.00793462285421 
0.0 0.0 0.0 0.0 60.1967924296 0.0 0.00658632577082 0.0 0.0 0.0207051695154 
0.00779091166465 0.00482684235433 0.0 0.0 0.477296378567 0.0 0.00449020557719 0.00332712535944 0.00374689469684 717.872553637 
10.3995785491 0.0 0.00437818227359 0.00225197349346 0.0 0.0 0.0 0.00846505062863 0.015029843779 0.00824017401455 
0.0 0.00319855728918 0.0076687683616 0.00247219851959 0.0 0.0 0.0 0.0121306975583 0.00873759750485 0.00288061503349 
0.0 0.0 0.0 0.00341082187974 12.0611034952 0.00937209051258 0.0 1.63710651128 10.2286773501 123.980217448 
0.0 7.13500508914 0.0 5.54864631878 0.0121931558793 0.0528605254429 0.0 0.0 0.00713913587678 125.447551501 
4.7819961762 0.0 0.0 0.0 0.00410903406825 0.0 0.0 0.0 0.0 0.0 
0.0 0.0 0.0 0.00386917170813 0.0141547284849 0.0 0.00942642148488 0.0 0.00587277469413 0.0 
