0.0 0.00442787153859 559.209263152 0.00475904411544 0.0 0.0 0.952830037156 0.0 0.0 0.00343377059522 
0.0 0.0 0.0 0.0025017117844 0.0 0.00636920472239 0.0 0.00850732719228 0.0192006336521 0.0 
0.0 0.00592185892245 0.0 0.0 0.0 0.00470470959499 0.0 23.6582576334 0.0 0.0 
0.00560575187423 0.0 13.3181611954 0.0 2.91301967926 0.00751343179731 65.3414945596 0.0 0.00842378650229 0.0 
0.0 0.0 0.0 0.0 0.0 0.0 0.0 0.0063588615866 0.181542692542 0.0 
0.0 0.0 0.0118440968986 0.0 0.0 0.0 86.5566329985 0.00377253578774 0.0 0.0 
0.00883378584459 1222.18845184 0.0 0.0 0.0 0.0 0.0 0.28410881801 0.00375687061735 0.00335720167934 
99.2225758714 0.0145621082373 0.0 0.0 0.0 0.0 0.0 0.0 0.0 0.0 
0.0 0.0 0.0 0.0 0.0 0.00449709828237 0.00261395783426 0.00745025506404 0.0 0.0 
0.00607884460088 0.0 50.6233627807 0.00670659595448 0.0 0.00756200416684 0.0198295314658 0.0 0.0 0.0 
