0.0 0.0 0.00557208563354 83.1542799122 0.0 0.0126143689342 0.0 0.00522772433957 0.105413366695 0.0149028991344 
0.0589500094624 0.0 0.0 310.27538073 1.63354209384 0.0171824125336 0.0 0.0 0.0 0.00789902240862 
0.0 0.00338232181183 0.0 0.0 0.0 2.31708200067 0.0 0.0 0.0 0.0024567268687 
0.0044582020107 3.86435612335 4.19729577768 0.0 0.0030210782374 0.397875585015 0.0102241493055 0.0 0.00441001510568 0.00330216320605 
0.00548563097991 0.0142189919105 0.0 0.00390831702522 0.0 0.0 0.0 0.00276019272836 0.0 0.00241534058465 
0.251813641519 0.0 0.0 0.0159611987312 32.0650821761 0.0 0.0 10.8272611167 0.0 0.0 
1488.35064283 0.0 0.0314282521863 661.977557529 0.0 0.0 0.0 0.00234545898644 0.0104596223565 0.00488950679261 
0.0264368393223 0.0 0.0207104947877 382.573588118 0.00271039147819 0.0 0.00584045349329 0.0 0.00262643635791 0.0 
0.00550144094334 0.0 0.0107552658207 0.0 0.0 2.02886934851 0.015437608446 0.0078604829458 0.0 0.360883913429 
0.0 0.0100085925501 0.00744665256831 0.0181620902819 0.00451821230074 0.00539045828781 0.0 1.12881364817 0.00530168207904 0.0 
