0.0 0.0 0.0 22.7638945711 3.23988096692 0.0 0.0 0.0 0.0 0.00598871097261 
0.0 0.0 461.835998595 0.00289534363185 0.0035444945084 0.0 0.0 0.00750488373664 0.0 0.00226305894712 
0.0 0.0 0.0 0.0 0.181852361402 1.35607727036 0.0 0.00576048874839 1.35997791802 0.0156741687689 
0.0127196549574 0.0 0.00497997650699 0.0 0.013392313424 0.0 0.0 0.0100271175394 0.0 0.0 
0.0 0.0 0.0 0.0 0.0 0.0 0.594536790335 0.00662524667362 0.0 0.0 
0.0 121.800679193 0.0034031280932 0.0 117.562778872 0.0 0.0 0.0 0.0 0.00300359617909 
0.0 0.0 8.77035373404 0.770124570894 0.0148182699033 0.0 0.0 0.0 0.00691617381703 0.00574710506643 
0.0 0.0 0.0 0.0 0.0 0.0 0.0 0.0 0.0 0.00687454813809 
0.0 0.0102373863907 0.00474775836422 0.0124677024247 1752.53196426 0.0154624737298 0.0 0.0 0.0 0.0 
0.0141090865144 0.0 0.0 0.0 0.00346309577971 0.0 0.00582252872543 0.0 0.0 0.0 
