0.0 152.156074879 0.0 0.0107999253181 0.0150628919377 1.19945633121 0.0 0.0 0.0 0.0 
0.0 0.0 0.0 0.0 0.00226588660958 0.0 0.0 0.0 0.0 0.0 
0.0 0.00847646947256 0.0 787.110401848 0.902225676994 0.0 0.0 0.00641465009662 0.00240364173012 0.02026935174 
0.0114429619235 0.0 0.00558114243671 0.0 0.0297317464312 0.0 0.0 0.00231732388571 0.00235925192526 0.0152626931657 
0.0 0.0 14.5875676566 0.0 0.0 1520.70149137 0.0 0.0 0.0114587639206 0.0 
0.0 0.0 0.0 0.00230970412635 0.00780202631689 0.0 2.6083598434 1.31026732942 1.31406480384 0.0 
0.0 0.0029583947925 92.9910583618 0.0 0.0 0.01409342253 0.0 1.65528428843 0.0 99.7565403964 
0.0 16.191989571 0.00299900180597 0.0 0.00569765464108 0.0 0.0 0.0 0.00570519378594 0.00441113466445 
0.0 0.0 0.00638866900591 0.0 0.0 0.0 0.0 0.0 0.0 0.0 
0.00643672293985 0.0 298.863739549 0.0047619491629 0.0352910562006 0.0 0.0 0.00950174287889 0.0 0.0 
