0.0 0.0 0.0 0.00799953082508 0.00864138696057 0.0 0.00268295309338 0.0 0.00304264652059 113.371571477 
0.0150675719492 0.0 0.0 0.00253737348825 0.0111526029098 0.0 4.83010509759 0.0 0.0101892974518 0.0 
1513.01289989 0.0184275478567 0.0 0.00387692403396 0.0 0.0 0.0 0.00455750858593 2.28184524132 0.0 
0.00242057116857 0.0 0.0 0.0 0.0107527014238 52.9798809901 0.0103545810427 0.0 226.082808702 0.0 
0.0139694048121 0.00730238812789 0.0157361574137 0.414622979376 0.0 0.0 0.00553437423198 0.0 0.00777867705188 542.198367133 
0.00612326516593 0.0 0.0 0.0108424466065 2.47304103864 0.0 0.00685969706008 0.0526223874395 0.0 77.1695855535 
0.0123868937153 0.00495677006778 8.78159586898 2.6887795679 0.0 0.0512859354064 0.0 0.0163806975192 0.0 0.0138279479059 
0.00426414597494 0.0 0.026628454189 0.0 0.00517857153496 0.0 0.0 0.0 0.0036705905685 0.0 
0.0 297.763597029 0.0 0.0 0.0 0.17664375109 0.00729787915186 0.0149438213122 0.0 0.0 
0.00824563822754 0.0 0.0 0.00229302585733 0.0 0.0 0.014865053936 0.0 0.0144607286164 0.0 
