0.0 0.0 301.649266868 0.0 0.0 0.0478613168187 0.0137973768244 0.0 0.0 1364.59285549 
0.0 0.0 0.0 0.00547905598404 0.00233033011691 0.00252616820021 0.0 1142.4635658 340.012355086 2.95470566231 
0.0 31.5883023841 0.0 0.0638071427141 0.0 0.95820646256 1.48260922011 0.0 0.00354578455582 0.0 
0.0328205645335 0.167006374475 0.0181508148575 0.0 0.0 0.0160653333701 0.0 0.163842444188 0.0 0.00836502546082 
0.00251751512193 0.0 0.0560399606508 0.00554024845878 0.0 0.0 0.0 0.0052312246283 0.0 0.00324359950642 
0.0 0.0 0.0196815393213 0.366106889565 0.0 0.0 0.0 0.00376316570381 0.0 75.0790752231 
0.0222580048161 0.00442337645713 0.00922747517104 0.0 0.0 3.20599466241 0.0 643.164472531 539.302952957 0.0 
0.0250530749369 0.0149308700574 0.0 0.00600819498955 0.0 0.0 0.0 0.0 0.00418476591478 0.0185825967706 
0.0 0.00346187368299 0.0 0.0 0.0 0.0 0.0 0.0027804607401 0.0 0.0 
0.0 0.0 0.0 0.0178242591376 0.0 0.0 0.0 0.00331964934592 0.0 0.0 
