0.0 0.00238004006899 0.0 0.0 0.0 0.0 134.780537027 0.00306063043632 0.0 0.00455069386776 
0.00390664949001 0.0 0.00765581312421 0.00430321048666 0.0513964131257 2.91282675082 0.00939354861761 0.0 0.00305207302036 0.0 
0.0 0.00638531158181 0.0 0.00919565865147 0.00266908888538 0.00566806593395 0.169744661293 0.0120619993191 0.0 0.00611570595369 
110.215461733 0.0 0.0 0.0 0.0 0.0 0.0 0.0 1261.20718062 0.0 
7.56457537589 0.0 4.26711523018 0.0 0.0 0.0 0.0 0.0 0.0 0.0 
0.00412152241656 609.27373262 0.00233594257654 0.0 0.0 0.0 1.21938041435 0.0156227760289 0.00391262582397 0.0121512607797 
0.0 0.0 0.0 0.0 0.0 0.0 0.0 0.0 0.0 0.0 
0.0 0.117419920328 0.0 1786.30100268 0.00900203474627 0.00649235125325 0.117708186772 0.0 0.0 0.0 
0.0 0.0 0.0 0.0 0.0 0.0 1693.85278859 0.0 0.0 5.36743299442 
0.0 0.00340997189061 0.0 0.0 87.8961022979 0.0 58.9853810741 0.0 0.0 0.0 
