0.0 0.0 0.0 0.00545472808996 118.998176687 0.00288755415769 0.00510997308127 2.5450698099 0.0 0.00253417652574 
0.0 0.0 0.0 0.0 0.00292764245845 2.38524527911 0.0 0.0 1.53128373536 0.0 
0.0 0.0 0.0 0.0174350675249 0.0 0.00558806459698 0.0204202155962 0.0 0.0 0.0 
0.0112619829305 0.0 0.00577648795442 0.0 0.0 0.0141181667859 19.8764727788 0.0 0.0206993294661 0.0 
0.00741770134224 153.997633459 0.0 0.569414398029 0.0 0.0 0.0 0.0112822536295 9.2511340024 0.0 
0.0 0.0 0.00241656197911 1.49470325717 0.0155331280015 0.0 11.046715431 0.0 0.0 0.0 
0.0 0.0 11.5746788655 0.0 0.00357923025943 0.0 0.0 0.00817464138943 0.00416905404936 0.0 
0.00390044300846 0.0 0.0 0.0 0.0 0.0 0.0 0.0 0.00965409879017 0.0 
0.0120450794091 0.0 0.0 0.0094588899444 0.0 0.0 0.0 0.0 0.0 0.0103798739967 
0.0208848435783 0.0 0.185427358005 0.0 0.00700533352501 0.00831061634466 0.0 0.00339199182339 3.69236416634 0.0 
