0.0 0.00266291130144 0.0124742106568 0.0 0.863849586191 0.0 0.0 956.111369537 0.0 0.0 
0.00451339065767 0.0 0.0159126071549 0.0 0.0 0.00507614348419 0.00999467165491 0.00318761462019 0.00824095702952 0.0169648321624 
0.0 69.0494021004 0.0 0.0170871473205 0.00256046885757 0.0 0.0 0.005122929155 0.00429982261426 0.0 
0.0156536658757 0.0 16.7774486419 0.0 0.0 11.430702876 0.00421072806471 0.0 0.0 0.0 
0.0 0.0 0.00240532938647 0.0 0.0 0.0 0.00734224370415 0.0232166426759 0.0168058852666 0.0 
0.0 0.0 0.0 369.944301482 0.00391616873099 0.0 0.00651622141542 0.0 0.0 1.40265308779 
0.0081821657107 0.0702753975643 0.00390065004435 0.0 142.098463219 0.0 0.0 0.0 0.0 0.00572532977452 
0.00462372816615 0.00224962035519 0.0101693446509 0.0 0.0 0.0 0.0144675940694 0.0 0.00235186999883 0.0 
0.0109769375996 0.0 0.0234505184669 0.0 0.0 0.0182023465884 0.0 0.486969957478 0.0 0.0047344599159 
0.0 0.0 0.0190648882223 0.0 0.00542571646913 0.0 0.00600166148942 0.0 0.00257328150247 0.0 
