0.0 0.0141033629769 61.8258987973 0.00982165352463 14.1302666032 0.0 0.0154144369591 0.0 0.0 0.0167728502083 
0.0 0.0 0.0105284792645 0.0 0.0149848546128 0.0 0.0 0.00888647707304 0.0 0.00502930463959 
2.82481743559 0.00290461387968 0.0 0.0 0.0125703745741 0.0 7.42496227837 0.0 7.81620438435 0.0 
3.49907422673 0.0 0.00300755123418 0.0 0.0 0.013021205208 303.751635242 0.0 0.00296302422496 0.0 
0.0175217784524 0.0 0.0 0.0 0.0 0.0130758064044 0.0 3.09728927428 0.0286011679357 0.0 
339.582598987 1.55153210796 0.0131295242746 0.0121075459191 0.0 0.0 0.0 0.0 1261.25667609 0.0249568124741 
0.0 0.0 0.00736730414405 0.0 0.0 0.0 0.0 0.0 0.0 0.0 
0.0 0.00529073879352 0.0177599816673 0.00401255943993 0.0 0.0 0.0 0.0 1435.86383483 0.0 
0.00584309764615 0.0 0.0 0.00810805557172 0.00418673653989 0.0 0.00704816432994 17.342038447 0.0 0.0 
0.0 174.631565839 0.0117772626046 0.67263168439 0.0 0.0196994256056 0.0 0.0 0.0 0.0 
