0.0 0.00575465330076 0.193777575547 0.0 0.0 0.0 0.0106686625076 0.0107476930733 10.0179888394 0.00813624673863 
0.0 0.0 0.0 0.0067318128994 0.0 0.013381483266 0.0 0.00412783169036 1.31408534617 0.083607057661 
1.83945676161 0.00613555592977 0.0 0.00724864404036 0.0 0.0 0.00240143722004 0.00422642157464 23.952366407 0.0 
0.00234986866473 0.0131382205783 0.00250437880996 0.0 0.00282775186534 1350.37316969 339.954205749 0.0 1871.97016115 0.0029692438166 
0.0 0.0 0.0120544254102 9.1468688725 0.0 0.0 0.0 0.0 0.0 0.0178582805988 
0.00551901345402 0.00866444866848 11.5289581811 0.0 0.0102133333473 0.0 0.0786607844311 0.0 0.0 0.0 
0.0147892311119 0.00873053006805 0.0 391.686930284 0.0 0.0 0.0 2.60348300266 0.311684257529 0.0 
0.0 0.0 0.0 0.0 0.0 0.0 0.0 0.0 0.0 134.752000933 
0.00896885101061 5.28179386936 0.00247312905802 0.0 0.0 0.0 0.0146358607907 0.237992895054 0.0 0.0 
0.0 0.00241175815839 0.0802811056018 0.0 1.10986802318 0.0185932144558 0.00238873188115 53.913200294 0.125629664677 0.0 
