0.0 0.0 0.00232144464375 0.0 0.0 0.242340149444 0.00381039017681 0.00359285922022 98.3534609981 0.0138381160136 
52.6067915541 0.0 0.0 0.00861127840724 0.0 0.0 604.229043044 0.00626450949749 0.0135522287132 0.0090568485756 
192.529603477 0.0 0.0 0.0 0.00642386982746 0.0 0.0 0.038360297113 0.0 0.00435263042403 
0.0 0.0 0.00456849593699 0.0 0.0 0.020868067732 0.0141437335095 0.00529379593951 0.0 0.0 
0.0 0.0112135224835 0.0 0.00291997863423 0.0 0.0109403446134 0.0 0.0 0.0 154.207242144 
0.0 0.00431742273105 0.0 161.793861398 0.00864238844388 0.0 0.0 0.0 0.0 0.0 
0.0 0.00527524549865 0.0 0.0111541383258 0.0 0.0 0.0 0.0 0.00688515477925 2.30917833328 
0.0 0.00606504136648 0.0 0.28903093433 74.1350481642 0.0103468058916 0.0 0.0 344.028957844 0.00416111376904 
0.0 0.0 49.3950248961 0.0 0.0043252325493 0.0 0.00607134886656 2.11205878333 0.0 0.0 
0.0 0.0 0.0 0.0287765825047 0.0 0.0 0.0 0.0937394813021 12.7403594683 0.0 
