0.0 0.00793324156603 0.00499258054457 0.0 334.422637535 0.681404298668 6.04851961023 0.246103455066 0.0 0.0 
0.0 0.0 0.0 0.0 0.0 0.00575039617932 0.0788458976568 0.0 0.0 0.0 
0.0 0.00395729287429 0.0 0.00871388332404 0.00231851494919 0.0 0.0 0.0143220113041 0.0 0.0 
0.120145696002 4.73578610229 0.0 0.0 0.014643414018 0.0 0.0 0.013592675787 0.0 0.0 
0.0 0.0199288343938 0.00394591495926 0.0206824476688 0.0 30.5043821676 0.00465601582897 0.00408987473155 234.199364513 0.00295060966388 
0.0 1698.38021067 0.0 0.0 0.0 0.0 0.0124762827128 0.00296386386295 0.0 971.789824443 
1273.91147274 754.57679374 0.00564098191423 0.0 0.00447991573348 0.0 0.0 0.0148347614721 0.0157472564374 0.00360132477948 
0.0 0.0 0.0 0.0201299801941 0.0 0.0 0.010928209282 0.0 1.47125984853 0.0 
0.0 27.014732999 0.0137615214825 0.0154112221253 0.0 0.00239136810883 0.0 0.0588433292054 0.0 0.079374062535 
201.647602991 0.0 0.0 1208.67824235 0.00243072957922 4.80026002353 0.00728279176742 22.3484345898 0.00330842300946 0.0 
