0.0 0.0 0.0 0.00351695887894 0.016875724694 0.0167103607729 0.0 0.348924828785 0.0 68.7752126036 
5.26149585322 0.0 0.0 0.0 0.0144817240599 0.0 0.0 0.0 0.0 0.00244344936009 
0.0 0.00231147269427 0.0 0.282462036794 0.0 0.009629579476 0.0 0.00714404524755 0.0 0.0 
0.00554704942475 0.262977594113 0.0 0.0 0.010078117002 0.0 0.0 0.00755921133236 0.0 0.0 
0.0 0.0172359480122 0.00694507864901 0.0 0.0 0.0 0.00388909230248 10.8722909202 0.0116970519018 0.0 
0.0148379602626 0.0 0.00362712060003 0.0187526853574 0.00677154611259 0.0 0.0 0.0666002777452 132.171480016 0.0 
0.00642355403657 151.652891266 0.0 0.00245180325213 0.248162701298 0.0 0.0 0.0 0.0 2.91472073259 
0.0 0.0184432083182 0.0 3.96260885005 0.0733912664124 0.0881710393354 0.0 0.0 0.00648534781268 0.0 
0.0 0.0 0.0 0.00434749724112 40.7603100004 0.0 0.0 0.0042266870397 0.0 59.6056694301 
0.0 0.00662279974277 0.00283533012905 1.31522113181 0.0 0.0166456648462 8.92543211259 0.0 0.0 0.0 
