0.0 0.0 608.804237765 0.0029197229088 0.0 0.00262448102696 0.489838472929 0.00523612763285 0.0 472.878850851 
0.00482014039796 0.0 0.00322733956549 0.0 0.00404999787387 0.0 0.0189278296805 0.0 0.0 0.0101279628988 
31.5173525438 7.94612639742 0.0 6.31812408222 0.0 0.0 0.00316502929405 0.0 0.0 0.0 
0.0 11.2943444882 280.831144682 0.0 0.0 0.0 0.0 0.0187076613166 0.0175367458687 0.0074338202844 
0.0 0.0172490111455 0.0 0.0 0.0 0.0 0.0 0.0364763698032 0.0 0.0 
6.99824561563 0.273926867011 0.00249577220617 0.0 0.0 0.0 0.0 0.0 0.0 0.0 
4.000324583 0.0161871572208 0.0 93.2808186823 54.2735519091 0.0 0.0 0.00792658386846 0.00243216759315 0.00278831463397 
0.0 0.0 0.0 0.0 0.0 0.740920907829 0.00401149722969 0.0 0.00328449206697 0.0115553257688 
0.0167101423024 0.010148730424 0.0 0.0 0.333514579956 0.0 0.00508858504551 0.0 0.0 0.0 
386.901913614 0.119730104389 0.14249443644 0.0 0.00878082313434 0.0126166800727 0.0108276161498 55.0006309298 0.00716714816596 0.0 
