0.0 0.0185757960251 0.896651886987 0.0180080082204 0.0 0.0 0.0 0.0 0.0169383697026 0.0147406671341 
0.0679855233729 0.0 0.0 0.010302347155 0.191631635442 0.0 0.0 0.0 0.00587947506927 0.00529366040423 
0.0 0.0022868178825 0.0 0.0347707828433 0.0 0.0 0.0 0.0175242398324 0.0 0.0 
0.0206075325315 0.0144980967221 0.0165016892931 0.0 774.380497343 0.0106937164265 22.3620209257 0.0 0.00415825524881 0.0 
0.0 0.0 0.0 0.0 0.0 9.30950375214 0.00441829003333 0.0236090966865 0.0 0.0 
0.0 0.0 0.00966708020017 0.0190466401002 0.0 0.0 0.0 99.7562487438 0.415867816593 0.0307624786102 
0.0 0.0202365184294 0.0 0.0 0.0 0.00566583283013 0.0 0.0 0.0 0.0 
0.0 0.0123348440972 0.0117299090518 105.927938203 0.0 0.0101975385923 0.0110026289578 0.0 0.0 0.007875649245 
54.1996678524 0.0 0.367105868058 0.00802764013932 0.0148558500979 0.0206406176732 0.0 0.0206750745686 0.0 0.0 
0.0 0.0 0.0157324000109 0.0 0.00447504423317 0.0 0.0 0.0 0.0131061527555 0.0 
