0.0 3.35770173237 0.0 0.223819661178 0.0425899624424 0.0 0.0 0.0189720095818 0.00234724606292 0.0 
0.0 0.0 0.0 0.0 0.00293232774175 33.7288853493 0.00430768213816 0.0 0.0 0.00651482642573 
0.0 0.0 0.0 10.2228040629 0.00664999930396 0.00590453400952 0.0 0.0 46.688394885 32.0633928127 
0.0 0.0 1.25955960567 0.0 0.0542797448158 1040.94087217 0.0 0.0 0.0 1662.70431744 
0.00330879189639 2.85950538299 0.0 0.0127128092706 0.0 0.00770136114695 32.9429585969 0.0 0.0109632723521 0.997381043106 
0.00734865738674 0.00622751049017 0.0 0.0 0.00333761613373 0.0 383.209775065 6.14575679277 0.419243514747 0.0 
0.249496054367 0.00334496223126 0.0 0.0 0.00448808586491 0.0 0.0 1.0992256635 0.00244794976301 0.0 
0.173429322424 0.202535589773 0.0 0.0 0.00860706358807 33.0623505552 0.00470907715867 0.0 0.00454810263287 0.00286917116551 
0.0049744486455 0.0 0.024571830098 0.0 0.0 0.0 0.44314307126 0.0102205670758 0.0 0.209980407123 
224.283247872 0.0 0.0 0.0 0.0 0.0 0.102467276645 0.0 0.0 0.0 
