0.0 0.0 0.0158081031133 0.0 0.0133273311373 0.0 0.0146988711398 0.0114844265684 0.0039702542588 0.0 
0.0 0.0 0.0 0.00244661806163 0.0 0.259212290193 0.0 0.0 0.0 0.00320730700392 
0.0131914145987 0.00599694013871 0.0 0.0 0.0 0.00769168825697 0.0 0.0187625000015 0.00566876624274 7.55933286837 
0.0 0.0 0.0063451281834 0.0 0.0 0.391527580834 0.00452330607178 0.00923330045824 0.0 0.0 
0.0 0.0 0.0 35.9259808418 0.0 0.0 0.00359224705163 0.0 0.0 0.0 
0.00845674986508 0.0 0.0 0.014869392291 0.0 0.0 2.54734499415 0.00303576963855 0.166609646275 0.00224436185667 
0.0 0.0 0.0 0.00325338763309 0.0 0.00906401018191 0.0 0.020133131507 0.00353303460394 0.0 
0.00829887200031 0.0 296.565106357 8.36938641923 0.0 0.0274881842719 0.0 0.0 33.5847286406 0.00785836379294 
0.0 0.00649245212418 0.0 0.00673370172271 0.0 0.0 60.9837879505 0.00379660616755 0.0 0.00237866891361 
0.00823392447035 0.0 0.0 0.0 0.0 0.0 0.00324034604439 0.0 0.0 0.0 
