0.0 0.0 0.0734735264137 0.00233145057568 0.0 0.0 3.55306121086 0.00369668598239 0.0 0.0 
0.0161957757045 0.0 0.0 0.0145386848998 0.0 0.0 0.0 0.0 0.00733248401375 57.7362820195 
0.0026294020947 0.006648041987 0.0 0.0 0.0 0.0 0.0121272858222 0.0043132564722 0.0 0.0 
79.5977198626 0.0141151231687 0.0 0.0 23.7118759408 0.0 0.0 0.0 0.0 0.0 
0.00425587982079 0.0 0.0 0.0 0.0 636.387542816 0.0 0.0 0.0 0.0 
0.0 0.0 0.0 0.604236178749 0.0 0.0 0.0 0.0 0.211199667283 0.00281368117279 
0.0127813753562 0.0 0.00315583443549 0.0 0.0457231746157 0.0 0.0 1.17568530496 0.0 0.01243109275 
0.00274950808315 0.0 0.0 0.0 0.0199347158501 0.0 0.00602721736904 0.0 0.0 0.0 
0.0 0.00564805965395 0.424995699681 0.0 0.00532306576888 0.0 0.0105883088807 0.0 0.0 0.0171800656993 
0.0 0.0 0.0 0.0 0.00620527917684 1551.22330697 0.00485906289453 0.0 0.0624536557297 0.0 
