0.0 0.0107272838795 0.0 0.00325963256093 0.0 0.0 0.138437787946 0.00867819364826 0.0 0.0 
0.00350396725809 0.0 0.0 0.0052777757721 1499.91017476 0.00889854294519 0.0 0.0 0.00299842156532 0.00411819022261 
0.00976855662568 2.37679648474 0.0 0.0 0.0 341.770391021 0.0028976967394 3.16190517901 0.00487812617162 6.9826143167 
0.00478443613229 0.0120763570914 0.0060969674488 0.0 134.620960709 0.0145439156332 446.722552525 0.0 0.0 0.0 
0.0 0.00341743860771 0.00918505544367 0.0 0.0 265.142668125 0.0 0.0 0.00275444550531 0.00725205902572 
0.0 0.0136133275061 0.0 8.12238824129 0.0 0.0 131.060734736 0.00522602511804 0.0118788961662 0.0 
2.20885477923 1139.72928382 0.0 0.00404749567539 0.0 2.10857568394 0.0 0.856831429134 12.5532835542 0.0165232538818 
0.0 0.0059839340051 0.0 0.0 0.00338517511668 0.0134911507151 0.0 0.0 0.0 0.0 
0.0 0.0 9.32120324682 0.0092490258658 2.32241403875 0.0150369202841 0.00999742338199 0.015943868508 0.0 0.0 
0.0153453780167 0.00409390210545 0.00656752803053 0.0 0.0 0.257276175662 0.02089411048 0.0 0.634948192156 0.0 
