0.0 0.00365273520617 0.115115098705 0.0 0.0 0.0 0.0 0.00299241689039 0.0 0.0 
0.0 0.0 358.087927317 0.0129563606533 170.525286521 26.3811966199 0.00458854429125 0.0 0.0 0.129373129762 
0.0 0.0 0.0 0.0 0.0 0.0 0.0 0.00455226943444 0.0 0.0 
0.00755230631657 0.0 0.0 0.0 0.00606044014682 0.0 0.0 0.0 0.0 172.171697202 
0.0 0.0 0.0 7.62061848689 0.0 0.0036429628911 0.0 0.0344671938265 3.05433159758 0.0 
0.0 0.117346277184 0.0 0.0 0.0 0.0 0.0 0.00942460619904 0.0 0.0 
0.0 0.0 0.00354581302707 0.0 751.172963294 0.0 0.0 0.0758086813113 0.0 0.0 
0.0 0.00621607392682 0.00565931829567 0.0 0.0 0.00528900001534 0.0 0.0 0.00752405266795 0.298734695901 
0.0 0.0 2.13766128157 27.3236445552 0.0 0.0 41.0626938181 0.00576088887458 0.0 0.0366557174502 
3.61573431033 701.623353197 0.0 0.0 0.0 215.222110374 0.42328374005 0.0 2.72906376914 0.0 
