0.0 0.0 0.0 0.00992994003672 0.0 0.00902853692261 0.010750277788 0.00387547621488 0.0 0.0173894062401 
0.0 0.0 0.0 0.0130473109835 0.0 0.016463174744 0.0 0.0 0.0 177.232692209 
0.0029104793176 0.0 0.0 0.0136447226926 0.0185399559594 0.00233995202956 0.860879277519 0.158559537543 8.58931858604 0.00450668379467 
0.0 0.0 0.00921279087131 0.0 0.011027877725 0.389735775144 8.50762932565 0.0 0.0 0.0 
0.0 0.00874148337619 1.6953596044 478.177918181 0.0 0.0 0.0 0.0133029963755 0.0 0.0 
0.0 0.0 0.0 0.0 0.0 0.0 0.0855340027976 0.0 0.0 0.0 
0.00234580223274 0.0030483538282 0.0167613132717 2.47451913669 0.0 0.0 0.0 0.0145496251059 0.00464013137216 0.0 
0.00779616836576 0.0 0.0146000757429 0.0 0.00737633441622 0.0 0.0141110249309 0.0 0.00249539161364 0.0 
0.0189555553665 0.0610109193828 0.0 416.268382114 0.0 0.0 0.0 0.0 0.0 0.402552449738 
0.0 0.203699611649 0.00680024571956 0.0 0.0 0.0 0.0 0.0 156.78666833 0.0 
