0.0 0.0 1246.61633058 0.00316639622133 0.0 0.00894856049699 0.00225515600046 0.0 0.00337539647722 0.0787901215582 
0.0161682464855 0.0 0.00225647751467 0.0 7.46197943481 0.0 0.0150389819215 0.0 0.0 378.041471052 
0.0 0.0 0.0 0.00356455721671 196.386424158 0.0 0.00719861042957 0.00402142262751 0.00544449897257 0.0203027128034 
0.0161177526979 0.0 0.00858211720466 0.0 0.0 0.0174210144066 0.0 0.0 0.0160649311757 0.0 
0.0 0.00655023327481 0.0 0.0 0.0 1365.71513196 139.382152373 0.0 0.0501954418429 0.0 
0.0190495322176 0.0 0.450980472843 0.0192466153363 0.0224841867547 0.0 0.0132120069001 0.00486733470234 0.00451872487742 0.00730495570184 
0.0 0.0 0.0 1239.67730941 0.0 173.986679083 0.0 0.0 0.0 0.00469509703238 
683.181701288 0.00293705099202 0.0 0.0086900803818 4.43175289858 0.0 0.0 0.0 0.0 0.0 
0.0 0.0150867620847 0.00253709960993 0.0 0.00235704991802 77.4709272179 0.0 0.0106784424056 0.0 0.00297497642286 
0.00944111411216 1188.61141847 0.0 0.0 0.0 0.218288243931 74.7303503619 0.00816059432702 0.0 0.0 
