0.0 0.0217468697604 0.0 0.00320274925477 69.5755976236 0.0 0.0391695387129 0.0 0.0 0.0195361165291 
0.0 0.0 0.0 0.0 0.0 7.08837148357 0.00382748664367 0.0 0.0 0.00229560801494 
0.636055599017 0.0 0.0 0.15471213084 0.0208626272705 0.0 0.0 0.0 0.0 0.0122301194158 
0.0 2.80376724322 0.00968381965776 0.0 68.6885757908 0.0 0.0 0.0 0.0191442582564 0.0 
90.3270359028 0.0 0.0 0.0 0.0 0.0147340437601 0.0 0.00382316895964 0.0140001334828 0.0 
0.0 0.0 0.0 0.00596742314271 0.0 0.0 0.00447388875975 0.00920209770005 0.0 0.0 
0.0 0.0 0.00336853443317 0.0026486573261 1.02888684958 0.00444258347086 0.0 0.0748880412169 0.0 0.0 
0.00544631812511 46.8706610231 18.0203767115 0.24275706304 24.5278045778 0.0440323471389 896.419401515 0.0 0.0 0.0559315835276 
0.0 0.0 0.0120758524551 1.91811068895 0.00735939251751 0.0 0.0 0.0 0.0 0.0 
0.0 0.0 0.0135160155609 0.0 0.00284316848347 0.0 0.0 0.0542491359321 0.0 0.0 
