0.0 0.0093317774927 0.0 0.0 0.0195352055234 0.0 62.4488697461 0.953868120381 0.0 0.0 
0.0 0.0 0.0 0.00272643777581 0.0 0.00242794915351 0.106862931316 0.0 0.00743057408897 0.00364777413702 
0.0177303060726 0.00269230918634 0.0 0.176819873461 0.0 0.00674009140144 0.0 0.0 0.00933344741734 0.711164015606 
0.0 0.0 0.00242015085601 0.0 0.00743889304303 0.0 0.0 1696.58672002 0.0155361820433 0.0 
9.07047903214 0.0 0.0 0.0898536981132 0.0 0.00403257884959 0.0 0.0 0.0 0.0 
0.00804806859851 285.126068552 0.010165765486 0.00630944678637 0.0 0.0 0.0576153199966 0.0 0.00550719336264 0.00673806134784 
0.0 0.0788831928312 0.304098486845 2.34345853613 0.00716567366712 2.28119806508 0.0 0.0 0.0 0.0 
0.0 0.0 0.0 4.36102997442 10.8949174935 0.0 0.0 0.0 1.49400704211 0.52598081371 
0.0 0.00770226668706 132.903755704 0.00277617100606 0.0106829699803 0.877682015319 0.0 0.00237229370846 0.0 0.0189957414 
0.0 0.0 0.0 0.0 0.0 0.0 0.00972745077258 0.0 0.0 0.0 
