0.0 0.0 0.00850073445749 0.00720292147963 0.0 0.0 0.0 1.24092294941 0.0610175457304 0.00645117056441 
0.0 0.0 0.0109341628558 0.0 0.0 384.04347362 0.0 0.0151874202518 0.0 0.0 
0.0 0.00419120747346 0.0 0.00327738101415 0.0124462225233 0.0 0.0 0.0 0.00337155608367 0.0 
0.0050549104033 0.0 0.0 0.0 0.0 0.00677011657779 0.0 0.0 0.0 0.00283811440111 
0.0167157553791 147.895208027 0.0161484173931 0.0 0.0 0.0198817326695 46.830221651 0.0209109197474 0.0059763202674 0.00491649924878 
0.0161029508484 144.004335822 0.0156725750778 0.0 0.0 0.0 1.18394480268 771.151556111 0.109705897459 0.00269113734925 
0.0 0.0 0.0 61.7501567292 0.0 0.0 0.0 0.0 0.00229310914904 0.0 
0.00480171463681 0.0162974728034 0.0 133.431630682 15.7443372649 0.115092166088 0.00953179769752 0.0 0.0 0.0 
0.00798888325364 0.0 0.0 0.0 0.531719265848 1164.51675273 0.0 0.0 0.0 0.00259115847784 
0.0 0.00502831795526 0.0 0.0025319548784 0.0 143.506564863 0.0 0.0 0.0 0.0 
