0.0 0.015964772187 0.00571030074602 0.0 113.248813869 0.0 0.00495118612364 0.0 0.0401917373836 4.79476084914 
0.0 0.0 0.0 2.40012052046 0.0 0.0 1.75179711529 0.385369944838 0.0 0.0121802242151 
3.98018005605 0.0 0.0 10.8666155191 0.0 6.07159359377 0.0 0.630279158269 0.0196462897096 0.0197733480289 
1.15425985791 5.01635675603 0.011472530496 0.0 0.0 0.0 0.0 0.00417457714086 0.0 0.0 
0.00414154618149 0.034518031978 1189.17657885 0.00395802265044 0.0 0.0 0.0 0.0 276.557737019 65.1278509068 
0.0 0.0 0.00664656282815 0.0 0.0052985637757 0.0 0.0 0.0 33.0401140218 0.0 
0.0 0.0250644786224 0.298075851638 0.0 0.0 1150.44896318 0.0 0.0 45.982892203 17.3218355649 
0.0 0.00351548366094 0.00357419470294 0.0 0.00532383697188 0.0 0.0 0.0 0.0 0.0 
0.0 106.082347317 1.31804802182 0.00630258685213 0.15599462435 19.1522426747 0.126695609377 0.0102109886563 0.0 0.0 
0.0 0.0206921830365 0.0 0.0 97.4725389121 0.0155353834799 0.0 0.0 0.0 0.0 
