0.0 0.0 146.544260161 0.0 0.0 0.0 0.00356025247708 0.0 0.0 0.0 
0.0124860740721 0.0 0.0 0.0 1022.80367426 0.0 0.15674195923 0.0205667266348 0.0 0.0 
0.0 192.90190219 0.0 0.0 0.422920764875 0.00414941637726 0.0 0.0 0.0 0.0 
0.0 0.0 0.0 0.0 0.0046117841264 0.0 1884.54148238 495.623796584 0.0 0.0 
0.0 37.2186207826 0.0 0.0 0.0 0.0 0.0129092015102 0.0 0.879671755284 0.0 
0.0 1.07244728984 0.00839055123434 0.00706826807601 0.0 0.0 0.0 349.216028166 0.0 0.00260818605523 
93.2577816286 0.0125054497732 0.0 0.00235202202583 0.0 398.39867161 0.0 0.0 0.0 0.0 
0.0 0.0026546720695 0.0 0.00482047668388 0.0 0.0 0.0 0.0 0.0 0.910879471687 
0.0 228.093627909 0.191111011821 480.194320877 0.0 0.0 0.0 1709.38180593 0.0 0.0131159124637 
0.0 0.0 0.00468220009872 0.0697209237812 0.0 0.00326549351416 1.34519015306 0.0456990778737 0.005396939565 0.0 
