0.0 0.00301807854316 0.0 0.0194168013 2.07186851458 0.0 0.0 0.0 0.0 0.00290440291694 
0.0 0.0 0.00703423988002 0.007272187256 0.0 0.0167523744792 0.0 0.0 0.0 0.00511077311143 
0.00855418424723 0.0183450365535 0.0 0.068684411643 0.0 0.00316729709427 0.00526358258711 0.0 0.0 0.0123313127505 
6.23349896091 0.0 22.3573595377 0.0 0.0 0.00419545553703 0.0 0.00630836270318 0.0 0.0114462406634 
0.0 0.0 0.0 0.0 0.0 0.0 75.0601326276 0.00248747573195 0.00353723046671 0.0 
0.00283548993882 0.0156543482634 0.010161649439 169.602441676 0.00460089771159 0.0 0.0 1.21382638111 612.142067058 386.815904013 
0.0 0.00833862357816 0.0 0.0 0.0175746929652 1.42583483594 0.0 0.00444510352249 0.0 0.0 
0.0 0.0 0.0 108.790187752 41.2926730436 0.0 0.306908153446 0.0 0.014278047778 0.0119677820021 
0.0 0.00284153469002 0.0501270407689 0.0100260087883 44.111434567 0.0 0.0 0.0 0.0 0.0 
900.288351283 320.924549471 0.130122304761 0.00722287043361 0.017302306696 0.340489680775 0.0 0.00576475826337 780.986432027 0.0 
