0.0 0.0 0.0 0.0 0.0 225.857567138 0.0032952609721 0.0144396549586 5.30195960191 0.0 
0.398059644594 0.0 26.5862439211 0.00659129395021 0.0 0.0 909.168752848 0.155771367306 0.00363557511318 0.00989223659279 
0.0491315973844 0.0897842819729 0.0 0.0616590572071 0.848093559142 0.0 0.00981547619087 0.0185230150704 0.0 0.0 
0.0 792.469690851 0.0037749086349 0.0 0.0 0.0 0.0 0.0 63.2006576648 0.00594076255086 
0.0 0.0 0.265825595507 369.634362776 0.0 0.0651832015209 0.0 0.00840977408619 0.0 0.0 
0.0 0.014136904501 0.0 0.0 1.9772274564 0.0 0.0 0.00506363021681 0.0 0.0 
12.3202342094 0.0 8.12577471354 0.0 0.045705701268 4.75363415375 0.0 0.00674669590672 0.0 364.772765329 
0.0 0.0 0.00276224767846 0.0 11.5225482781 1219.70402603 0.898240667831 0.0 0.142009191809 0.00821946842318 
0.0 0.0 0.0625412107028 0.685219065426 0.00788167489697 0.0222152916913 0.00249445383773 0.0 0.0 0.0 
0.00536931483876 0.0 0.0 8.87945126608 0.00348370850896 0.0 0.00417140799105 0.0 0.0167889697167 0.0 
