0.0 0.00916563404765 49.5172767175 2.33965859295 0.00447815494463 0.0 15.2760758078 0.0 0.0 0.0 
0.0 0.0 0.0 0.0 0.0 0.00338036632999 0.0 0.0 0.0 4.53272024112 
0.0714743501146 0.00366463428091 0.0 0.0 0.0 0.0 117.511984546 0.0104106916415 0.00760371157074 0.0070044383975 
0.00572604541905 0.0 0.00291105060206 0.0 0.0141543946045 0.00314586546515 0.0 0.00896667013675 0.0 0.00601860536934 
0.0 0.00391918153241 0.150315011903 0.00671829366104 0.0 19.9034274041 0.00577937374693 0.0 0.0 0.0 
0.0 0.0 0.0 213.253213054 0.0 0.0 0.0 0.0190478840116 0.080337220452 0.0 
0.019082148482 0.00949303072775 0.00771751282449 0.0 0.0 0.0 0.0 0.00893687513047 0.00615671063882 0.0 
0.00360477914822 0.0102573899255 0.0 0.0 0.0 0.0 0.0 0.0 0.0 204.435969772 
0.0 0.0120816590024 0.0 0.00304395187921 0.010189853032 0.0 0.0 0.0 0.0 0.0 
0.0047554501951 0.00384278799117 0.00864527540259 0.0 0.0 0.00377887164556 0.0 0.0 0.0 0.0 
