0.0 0.0 0.242776756263 736.223513299 0.00269570978245 7.8937772333 0.00345632895701 0.00628915994424 0.0 0.0 
0.00416554427522 0.0 192.115215045 0.00505146835869 2.35468369133 0.0042194982021 0.0 234.615022745 0.0 0.00258676198875 
0.0 0.0 0.0 0.0 0.0 0.0 0.0 0.0 0.00385986823261 239.183343602 
0.0 0.0 0.0 0.0 18.209608795 0.0033704020994 0.0 0.0304011670173 0.0 0.0 
63.9435287939 190.200223442 0.0179965330375 0.0205330913689 0.0 0.0 0.0 0.0 0.0 0.0 
0.0 0.00255568712222 0.0 0.0 0.0 0.0 0.0138171505927 0.676798457108 0.0 0.0168774407065 
0.0 0.0 0.0 0.0149352436806 0.0 0.010346154101 0.0 0.0 0.00391450396467 0.00427090758621 
0.0172460689195 202.555687132 0.00937469579061 0.0 0.0 0.0 0.0208383906529 0.0 0.00962115607278 0.0125927620217 
0.0 0.0 0.0 0.0 23.9039557149 0.0 0.0 0.0 0.0 1.53637864577 
11.8131100538 0.0 0.0 0.0 181.384107507 0.0140340079308 0.0 0.0124577097962 0.00415981553606 0.0 
