0.0 0.0 0.0 0.00604688941213 0.0 0.0 0.0 0.00466208709014 0.319449321952 0.262741268382 
0.0 0.0 0.00838457919136 0.0 0.00647268305079 0.0 0.0161189434714 0.0 0.0142805010384 2.67600524999 
0.0 0.200610228719 0.0 153.381473022 0.0 0.0071390335452 1.00898112606 0.0 0.00746998825836 0.0 
0.0 0.0 0.0 0.0 4.47126167432 0.0 0.0 0.0 0.0 0.0 
0.0 0.0 0.0027525134536 0.00553467920495 0.0 0.0054561833814 0.0 0.0 1348.82571427 0.830144695359 
0.00668286002002 0.00913312315762 0.0 0.0 0.0 0.0 48.2858343399 0.0 0.0 0.0 
0.0 0.00324395908369 0.0 0.0315980494921 0.00387250918544 0.0 0.0 0.0 0.0 0.0 
0.0 0.0 0.0 0.0 68.982959482 0.0 1393.50809385 0.0 0.0 0.00814187207635 
0.740546562399 0.0 0.0140061933753 0.0 0.0103738578734 0.0 0.32148182825 27.6710309741 0.0 0.0 
0.0 0.0109549241378 0.0 0.00470149662729 0.0 34.6674909626 0.00553399333182 1.22156244808 0.00268136321697 0.0 
