0.0 0.00472427182027 0.0 1742.47998089 0.00248700490534 0.00529484959347 0.0 0.00779692324211 0.0 0.0 
0.0 0.0 0.00755395104612 0.0 0.0 0.0 0.0 0.0 0.00488256563301 0.0 
49.9990022572 188.195787142 0.0 0.0 0.0 0.00498850311049 0.00666021539825 0.016353059965 0.00734182815925 0.0 
3.68928543541 0.0 0.0 0.0 0.0 0.0142004584828 0.636844249643 0.0 0.00924273278301 0.00241942120764 
881.431072725 0.00842841612987 0.154911465502 0.0 0.0 0.00489721431102 0.0 0.0 246.075110991 0.00358458931728 
0.0115579007641 0.0 0.0 0.0107584024052 0.0 0.0 0.0 0.0 0.0 0.0 
0.0 0.00415347553791 0.0 0.0 7.42696829256 0.0 0.0 0.0174191045567 0.00712699973902 0.0 
0.0 0.0125639270408 0.0 0.0 0.0 149.88688121 0.0 0.0 0.0 0.0 
0.0 0.00276692730146 0.00826127440824 0.00462940117031 0.0 0.0 0.0 0.00467368321943 0.0 0.0 
0.0 0.0 0.0 0.0 0.0 0.0 0.0 2.74066396433 0.0 0.0 
