0.0 0.0 0.0 0.0109133315785 0.0 0.720562474932 0.0 0.0155643246934 0.0195416497781 0.0 
0.0 0.0 0.0 0.0 0.00915938720689 0.0 0.0 0.0 0.0 0.0 
0.0 0.0 0.0 41.5246186636 0.0 0.0 0.0 0.0 0.0 0.0 
0.0 0.0 0.0 0.0 0.0 0.0 0.0 0.0 0.0 0.0 
0.0 0.0 0.00239233712612 0.0 0.0 0.0 0.00605659445164 2.69686741357 152.31003416 0.00561035310096 
0.0 0.00239308304404 1.28180642772 57.6269042261 0.0 0.0 0.019613342831 0.0 0.00461588512045 0.0 
69.1932918588 0.0 0.00369292846706 0.0 0.0 0.0 0.0 0.0 0.0102181416214 0.0 
0.0 0.0 0.0 0.0 0.0 10.2910452839 0.0 0.0 0.0 0.0 
0.0517772543882 0.0 0.0266390801437 0.0 0.0125168509992 0.00273198780432 1086.99292642 0.00748093278844 0.0 0.0 
400.316772611 0.0 0.0 0.00308078624176 0.0 0.00262897684785 0.0 0.0 0.00381264720928 0.0 
