0.0 0.0 0.559390240844 843.147516439 0.0 0.0047474027121 0.00286566764464 0.0195915346647 0.00234047595073 0.0 
0.0151021424188 0.0 0.00708561099687 0.01126833981 0.0 503.048561578 0.0 0.0 0.0 0.0 
0.0 0.307680981757 0.0 0.0 0.0194630705087 0.403158636218 0.0 0.0 1713.34923041 0.00733738749283 
0.0 0.0 0.0179066636788 0.0 0.00283186828055 0.0 55.5040351232 1.5446722308 0.0 0.0 
0.00739079376531 0.046203741316 4.46422325727 0.0 0.0 0.0 0.0563564382765 0.00372625299995 0.0 0.0 
0.0182539359651 0.00627166980607 0.00721551530091 266.037663367 0.0172306760905 0.0 0.268343236294 0.0 0.0117355984628 0.00765614355523 
153.652070422 2.29594594951 0.125941366003 0.0 0.0 0.0 0.0 0.00993782774864 0.0116747197952 0.0 
0.0 319.547107476 0.00733013947744 226.458620275 0.0 0.00947622005134 0.0 0.0 0.399992130201 0.0 
0.0 0.0 0.508950964692 74.611697189 0.00333951491284 1873.19156103 7.57516623763 0.0 0.0 0.00413669318753 
0.0 0.0154889449888 0.467139631319 0.0 0.0 0.00371176028426 0.00303995906457 0.0 0.0028557238089 0.0 
