0.0 0.0 0.0679538619968 36.902209305 0.010411022533 0.0 0.00793143045855 28.1427853591 0.0 0.0 
0.0 0.0 0.0 0.0 0.0 1052.17974687 0.00374396852328 877.697518649 0.0 0.0 
0.0 0.0 0.0 0.0333747298242 0.0 0.0 0.0 0.0 12.3332702265 0.00237279830236 
0.0 0.0 0.0 0.0 0.0136028147588 0.0 0.0 0.0 0.0 0.0 
0.00625868932074 0.0 0.0 0.0109316398233 0.0 0.00638396188555 0.0 0.0 0.0047731008096 0.0 
16.0955204133 0.0 0.0 0.0 0.0029796238338 0.0 0.0025012132811 0.0 0.184619519886 3.17157507695 
0.0 0.0 0.0115798436119 0.0 0.0 0.0 0.0 0.0 2.92677792145 0.00225209342104 
0.0 0.0 0.0 0.0 0.0 4.3221407015 993.869799164 0.0 0.00655198088848 0.013189046621 
0.0 0.0157679131258 1.35473793384 0.0 379.109286857 0.0 0.0 0.00711669125056 0.0 0.0 
0.0 0.00270185397464 0.0180264188658 0.00898661206275 0.00290828248859 19.6908128199 0.0 629.436207984 0.00838164989648 0.0 
