0.0 0.0 0.0 0.0 0.0132298468332 0.0 0.0163123891062 0.00273935602143 0.0 0.0 
0.0 0.0 0.0 0.0 0.00365698013423 0.01626857674 31.4332471353 0.177277930055 0.0 0.0 
0.0 0.0 0.0 0.0 0.0158867873481 0.0 0.0243108048907 0.00940744779002 0.00806665658227 0.0 
0.0 0.0 0.0 0.0 15.6728589741 0.0 0.0 0.00260128412878 0.0 0.0420983577855 
0.0 248.220545094 0.00254523089086 0.0 0.0 0.0 0.0 4.80459049257 0.0 1355.42417175 
0.0232075344138 0.0 0.0161724481486 0.0 0.00664952301966 0.0 0.0 0.0 0.00310803831927 0.00229520943043 
0.0 0.00368803516824 0.0 0.00228318168422 0.0 0.624376927902 0.0 0.00335489062869 0.0 0.0 
0.0 0.0 0.00304221912066 0.0 0.0153691972014 0.0 0.0 0.0 0.0 0.00225762770188 
0.00506654659273 0.0 0.0 0.547707823877 0.0 0.00265530348839 0.0 0.0 0.0 43.8000632607 
0.0 0.0 0.00461456455585 0.0 0.00392157636021 0.0 1.15934984536 0.0 72.0097788345 0.0 
