0.0 0.0 129.055586157 0.0 1.49631798691 0.0115092804648 0.769141454258 0.157796776746 0.0 5.57422586962 
315.371356103 0.0 4.94497158032 0.0 0.435987685331 0.0 0.0 0.0 0.0 0.0 
1002.18535083 0.0111236990801 0.0 19.7289590398 0.0 0.0 112.157504885 0.00228927656239 2.01664189367 0.00462758808818 
0.0 0.0 0.00704785818765 0.0 0.0116735635256 0.0208370424506 0.0 0.00419272179274 0.00592659096122 0.00298785672627 
0.0 9.10615652067 0.00477423204088 0.00806536020227 0.0 0.0 0.0 0.0 0.0121540078381 0.0 
0.0 0.0197305067912 0.0028231655968 0.0193599746916 0.0 0.0 0.0 0.0 0.020778050021 0.0152474886755 
0.0063113613369 0.0104473775012 0.0 0.118348527663 0.0 0.0 0.0 0.0 0.0 0.0112165602088 
0.0 0.0 0.0 0.0 0.00277690084836 0.00541905217268 0.00484070650423 0.0 0.462344482672 0.0 
0.307617503211 0.0 0.0 0.00235622298763 0.0 0.0 0.0152144252714 0.00320128408438 0.0 0.00399426126043 
5.43157246003 0.00372070895074 0.0 0.0 0.0 0.0 0.0133787925702 0.0 0.0 0.0 
