0.0 0.0 0.0 0.00405099589484 148.104139177 0.0 0.0 1500.03480179 0.059382701068 0.0 
0.0 0.0 0.0 0.0 0.0 0.00741911134228 0.00922569265557 17.5714549858 123.248844207 0.103046517119 
0.0 103.994482558 0.0 0.0 0.0 0.0 0.0 0.0 1.93013985388 0.0 
0.011329718129 0.0144556728769 0.0 0.0 0.0 0.0 0.0 0.00658880987739 1.52858119049 0.0347801788268 
0.014358527006 0.966147850348 0.0174118349873 1516.90722584 0.0 0.0 0.00260720149446 0.0148568910651 0.00225787886061 0.0 
0.00896953164793 133.723794489 0.0 0.0 0.0 0.0 0.0 0.0136558837595 0.0 0.00414310221183 
14.7713945829 0.0 0.0 0.0 0.0 10.217043593 0.0 0.0 0.0126487392357 0.0 
0.0 0.0 0.0 0.00851864372258 0.0 0.00792701044884 0.00899374783942 0.0 0.0 0.0 
1.10234140543 0.0 0.00629042773196 357.876921273 0.0113529447726 0.00965671193712 0.0 67.0908484833 0.0 0.988449814437 
10.3583003888 0.0 0.0 0.0 0.0 0.0 0.0 35.2212956747 0.0 0.0 
