0.0 0.0 493.099869142 0.00235853328149 0.00787303083755 6.40306147611 0.00423626024323 0.0 0.0 0.0 
0.0 0.0 0.0 19.6025005279 0.0 0.0 0.0 30.2917885864 0.00472036900945 0.0 
0.558419779485 0.00736897941006 0.0 0.0 1371.73006378 0.0 0.0 0.0 0.0 0.0117506402843 
0.0 0.00919765668785 0.0 0.0 0.0 0.00978352243032 0.0189440775492 0.0 0.0 0.0 
0.0 0.0 0.0 0.00871448685439 0.0 0.0 93.9996226489 139.452284656 0.544735978213 0.0033895214308 
0.0 0.0 0.0 0.0 0.428650671378 0.0 0.0 0.0073143387726 2.09115525822 0.0 
0.0 0.00794744542482 0.0 0.0 0.0 0.0 0.0 0.0 0.170219534289 0.0 
0.00788078265299 0.0 28.233779841 0.0 0.0 0.313956667827 0.0607992900518 0.0 174.870019691 0.0 
0.0 0.00805133532919 0.00482617321303 0.318988355038 0.0 0.0 0.00258244992444 0.0 0.0 0.0 
0.0 0.0 0.0157710134285 752.948056497 154.353909882 0.0 0.0 25.3389913592 0.231643464688 0.0 
